%!PS
%%BoundingBox: -61 -81 69 107 
%%HiResBoundingBox: -60.85251 -80.62251 68.94252 106.58629 
%%Creator: MetaPost 2.01
%%CreationDate: 2023.02.28:1206
%%Pages: 1
%%BeginProlog
%%EndProlog
%%Page: 1 1
 0 0.24501 dtransform truncate idtransform setlinewidth pop [] 0 setdash
 1 setlinecap 1 setlinejoin 10 setmiterlimit
newpath 41.67 83.74 moveto
43.34 79.22 46 74.5 44.71 69.68 curveto
43.49 62.17 42.57 54.46 40.21 47.14 curveto
38.28 43.85 34.34 41.03 35.67 36.71 curveto
37.74 31.76 32.6 33.15 28.6 34.41 curveto
24.37 34.66 18.58 33.53 19.94 38.82 curveto
19.64 50.11 22.69 61.14 22.39 72.39 curveto
23.23 76.69 23.01 82.01 18.07 82.8 curveto
16.41 86.41 12.5 88.12 10.92 91.74 curveto
9.28 95.51 11.5 99.79 9.52 103.53 curveto
8.11 105.39 6.72 107.4 4.09 105.99 curveto
1.42 105.35 -4.78 104.75 -4.22 101.38 curveto
-2.23 94.4 0.25 87.59 2.62 80.74 curveto
4.17 76.28 8.12 72.2 6.57 67.23 curveto
5.99 63.1 5.56 58.94 5.13 54.78 curveto
6.45 49 8.72 43.38 9.01 37.44 curveto
8.35 34.36 3.12 33.36 0.81 35.41 curveto
-1.1 36.61 -3 37.83 -4.9 39.04 curveto
-10.01 37.39 -14.84 34.83 -20.21 34.58 curveto
-21.39 34.03 -23.84 33.46 -24.87 34.28 curveto
-27.11 36.05 -27.8 40.28 -30.25 36.9 curveto
-30.81 36.12 -32.44 35.14 -33.39 34.38 curveto
-38.13 30.56 -44.25 29.06 -50.02 29.22 curveto
-51.72 29.27 -53.54 29.08 -55.28 29.79 curveto stroke
newpath -60.73 17.36 moveto
-60.73 17.36 -54.69 17.98 -55.19 13.86 curveto
-55.67 9.96 -59.21 -12.05 -59.15 -14.73 curveto
-59.1 -17.41 -58.7 -30.91 -58.7 -30.91 curveto
-58.7 -30.91 -61.29 -35.58 -59.9 -36.85 curveto
-58.5 -38.11 -53.89 -45.09 -53.89 -45.09 curveto
-40.52 -55.45 lineto
-28.06 -60.26 lineto
-24.03 -63.65 lineto
-30.63 -68.35 lineto stroke
newpath -26.37 -72.48 moveto
-26.37 -72.48 -17.11 -66.01 -14.65 -66.68 curveto
-12.19 -67.34 -11.35 -66.74 -9.98 -67.5 curveto
-8.96 -68.07 -7.78 -68.79 -7.7 -70.1 curveto
-7.61 -71.56 -9.86 -74.19 -10.55 -74.93 curveto stroke
newpath -1.25 -80.5 moveto
-1.25 -80.5 0.68 -78.39 1.84 -77.19 curveto
3 -75.99 7.79 -75.37 8.45 -76.02 curveto
9.1 -76.67 14.04 -79.03 14.04 -79.03 curveto stroke
newpath 14.38 -68.45 moveto
13.52 -67.96 8.72 -67.09 8.37 -66.9 curveto
6.73 -65.98 4.81 -65.53 2.66 -64.92 curveto
0.54 -64.32 -7.37 -60.28 -7.37 -60.28 curveto
-23.64 -49.03 lineto
-23.64 -49.03 -26.45 -47.82 -28.71 -46.32 curveto
-30.96 -44.83 -34.05 -40.07 -34.05 -40.07 curveto
-34.05 -40.07 -36.2 -36.86 -35.71 -35.24 curveto
-35.22 -33.61 -34.54 -34.25 -33.42 -30.58 curveto
-32.3 -26.9 -33.37 -26.14 -34.75 -23.49 curveto
-36.13 -20.82 -42.56 -2.47 -42.89 -0.6 curveto
-43.22 1.28 -40.67 17.46 -40.67 17.46 curveto
-40.67 17.46 -38.71 20.97 -34.43 20.6 curveto
-30.19 20.24 -23.63 20.59 -19.69 20.78 curveto
-15.75 20.98 -5.23 21.02 -3.36 21.37 curveto
-1.49 21.72 3.94 21.97 5.81 22.34 curveto
7.69 22.7 12 22.47 12 22.47 curveto
12 22.47 17.33 25.6 18.87 24.88 curveto
25.15 21.94 27.67 23.29 27.67 23.29 curveto
27.67 23.29 32.78 22.25 34.89 20.81 curveto
35.73 20.24 36.38 19.37 36.88 18.48 curveto
38.06 16.33 37.5 13.32 39.09 11.46 curveto
40.35 9.99 42.21 6.8 44.58 6.79 curveto
46.86 6.78 49.55 6.19 49.55 6.19 curveto stroke
newpath 51.18 12.04 moveto
51.18 12.04 48.25 12.53 46.27 14.37 curveto
45.26 15.31 44.56 19.25 44.25 19.86 curveto
42.95 22.4 44.04 26.67 45.94 28.8 curveto
46.79 29.76 48.59 29.56 49.78 29.08 curveto
52.91 27.81 57.4 22.12 57.4 22.12 curveto stroke
newpath 59.46 24.39 moveto
50.88 35.24 lineto
51.87 48.25 lineto
51.87 48.25 50.89 56.01 54.23 55.6 curveto
57.56 55.18 59.94 52.83 59.94 52.83 curveto
65.82 40.42 lineto stroke
newpath 68.82 58.61 moveto
60.19 68.04 lineto
60.19 68.04 55.55 75.58 55.13 77.41 curveto
54.71 79.25 51.86 84.57 51.86 84.57 curveto stroke
showpage
%%EOF
