%!PS
%%BoundingBox: -115 -103 123 112 
%%HiResBoundingBox: -114.27 -102.40399 122.23204 111.463 
%%Creator: MetaPost 2.01
%%CreationDate: 2023.02.28:1206
%%Pages: 1
%%BeginProlog
%%EndProlog
%%Page: 1 1
 0 0 0 1 setcmykcolor 0 0.7 dtransform truncate idtransform setlinewidth pop
 [] 0 setdash 1 setlinecap 1 setlinejoin 10 setmiterlimit
newpath 23.6 -36.79 moveto
23.6 -36.79 34.45 -57.73 35.18 -59.59 curveto
35.9 -61.46 40.76 -76.97 40.76 -76.97 curveto
52.61 -92.73 lineto
57.24 -100.2 lineto stroke
newpath 68.7 -95.65 moveto
66.92 -94.18 64.94 -92.61 64.2 -90.34 curveto
63.88 -87.83 65.27 -85.49 66.49 -83.41 curveto
67.35 -81.94 68.37 -80.57 69.44 -79.24 curveto
71.73 -78.09 74.02 -76.88 75.93 -75.14 curveto
77.32 -74.31 79.07 -74.15 80.28 -72.99 curveto
81.61 -72.09 81.99 -70.53 82.58 -69.15 curveto
83.19 -67.71 85.13 -68.57 86.07 -67.45 curveto
87.24 -66.38 87.67 -64.5 89.25 -63.93 curveto
91.12 -64.3 90.96 -66.64 90.93 -68.11 curveto
91.2 -69.6 91.94 -71.12 91.56 -72.63 curveto
90.3 -75.45 88.7 -78.11 86.72 -80.48 curveto
85.19 -82.31 83.88 -84.34 82.27 -86.09 curveto
81.92 -86.48 81.53 -86.83 81.15 -87.19 curveto stroke
newpath 55.84 -81.14 moveto
53.22 -77.07 lineto
56.12 -74.55 lineto
57.71 -73.32 lineto
57.71 -73.32 59.56 -74.48 60.24 -74.17 curveto
60.92 -73.86 62.12 -74.89 62.71 -75.25 curveto
63.3 -75.61 64.9 -75.56 65.5 -75.53 curveto
66.1 -75.5 69.56 -74.77 66.42 -76.48 curveto
63.29 -78.18 59.94 -81.89 59.94 -81.89 curveto
 closepath stroke
newpath -17.16 6.95 moveto
-17.16 6.95 -21.16 15.73 -23.19 17.1 curveto
-25.23 18.48 -30.01 23.03 -30.62 25.21 curveto
-31.22 27.39 -35.68 54.82 -36.29 57 curveto
-36.89 59.18 -38.22 66 -39.19 68.28 curveto
-40.17 70.57 -44.99 80.77 -44.99 80.77 curveto
-52.05 82.91 lineto
-56.38 86.13 lineto
-57.14 89.16 lineto
-55.78 94.01 lineto
-53.19 96.1 lineto
-53.19 96.1 -53.2 101.7 -55.29 101.02 curveto
-57.38 100.33 -61.14 98.21 -62.4 98.25 curveto
-63.65 98.28 -70.9 92.69 -70.9 92.69 curveto
-70.9 92.69 -72.24 92.43 -72.57 91.25 curveto
-72.9 90.08 -70.62 86.93 -70.62 86.93 curveto
-69.4 85.64 lineto
-64.95 83.47 lineto
-64.95 83.47 -56.43 73.17 -55.95 71.45 curveto
-55.48 69.73 -50.93 62.11 -50.16 60.31 curveto
-49.39 58.52 -44.51 44.17 -44.54 42.91 curveto
-44.58 41.66 -41.06 31.48 -40.57 27.53 curveto
-40.08 23.59 -31.23 7.51 -31.23 7.51 curveto
-31.23 7.51 -33.77 0.62 -35.47 -2.07 curveto
-37.18 -4.76 -38.47 -5.98 -41.49 -7.68 curveto
-44.5 -9.38 -52.79 -14.07 -56.37 -14.36 curveto
-59.95 -14.65 -67.23 -16.81 -67.23 -16.81 curveto
-67.23 -16.81 -74.01 -11.84 -75.43 -7.98 curveto
-76.85 -4.11 -82.36 17.95 -83.13 19.74 curveto
-83.89 21.53 -94.55 45.61 -94.55 45.61 curveto
-98.74 57.46 lineto
-98.74 57.46 -102.36 64.41 -103.34 65.29 curveto
-104.32 66.16 -110.54 75.99 -110.54 75.99 curveto stroke
newpath -113.92 58.54 moveto
-113.92 58.54 -105.86 44.72 -105.02 43.24 curveto
-104.18 41.75 -100.28 36.6 -99.97 34.31 curveto
-99.66 32.02 -98.51 30.44 -97.49 27.31 curveto
-96.46 24.18 -91.64 10.85 -91.54 8.93 curveto
-91.44 7.01 -85.62 -9.42 -83.75 -12.79 curveto
-81.87 -16.16 -75.58 -26.37 -75.58 -26.37 curveto
-71.37 -39.45 lineto stroke
newpath 54.58 79.51 moveto
55.81 80.5 64.82 88.69 66.01 87.65 curveto
67.31 86.51 66.55 84.23 67 82.56 curveto
67.35 81.26 67.74 80.29 68.35 78.75 curveto
68.95 77.21 72.1 77.53 74.98 74.32 curveto
77.87 71.11 77.16 68.4 78.57 67.32 curveto
79.99 66.23 82.33 63.52 83.25 61.89 curveto
83.79 60.93 82.03 56.3 82.81 53.93 curveto
83.36 52.27 86.48 53.07 86.83 51.27 curveto
87.68 46.91 100.39 47.42 100.73 44.92 curveto
101.07 42.42 89.19 39.74 89.39 37.97 curveto
89.47 37.27 88.72 24.3 89.85 20.28 curveto stroke
newpath 97.45 109 moveto
97.45 109 91.45 109.48 89.33 109.68 curveto
87.2 109.87 85.8 109.08 82.93 107.31 curveto
80.06 105.54 77.31 106.3 75.9 105.51 curveto
74.49 104.71 68.65 102.19 66.9 100.9 curveto
65.16 99.6 61.02 98.97 58.23 98.16 curveto
55.43 97.36 43.03 88.34 42.28 87.75 curveto
41.52 87.17 34.8 86.45 32.1 83.83 curveto
29.4 81.21 32.04 81.47 32.04 81.47 curveto
35.97 72.87 lineto
38.64 72.53 lineto
38.64 72.53 43.41 72.6 44.36 71.74 curveto
45.31 70.89 47.31 71.72 48.07 72.3 curveto
48.83 72.88 51.4 72.17 51.4 72.17 curveto
53.87 72.71 lineto
53.66 70.93 58.59 73.38 59.16 71.68 curveto
61.24 65.46 68.28 62.23 72.28 57.03 curveto
73 56.1 74.19 55.26 74.21 54.09 curveto
74.24 52.48 72.28 51.47 71.69 49.98 curveto
71.08 48.43 71.66 46.44 70.68 45.1 curveto
68.84 42.58 65.56 41.26 62.53 40.49 curveto
59.55 39.73 55.93 42.25 53.3 40.64 curveto
51.77 39.71 51.76 37.4 50.93 35.81 curveto
49.19 32.49 47.21 29.3 45.45 25.99 curveto
44.13 23.51 42.49 20.3 41.63 18.47 curveto
40.77 16.65 35.69 4.28 34.22 -3.21 curveto
33.91 -4.76 36.2 -7.2 33.93 -7.94 curveto
31.66 -8.69 26.38 -9.44 23.85 -12.04 curveto
22.15 -13.79 23.04 -17.19 21.27 -18.88 curveto
19.67 -20.42 17.09 -21.51 14.94 -20.93 curveto
12.69 -20.33 12.1 -17.29 10.26 -15.94 curveto
7.01 -13.56 1.63 -13.98 -0.64 -10.71 curveto
-1.81 -9.02 -0.35 -5.53 -1.21 -4.55 curveto
-3.12 -2.35 -7.33 -3.12 -9.12 -1.91 curveto
-11.71 -0.16 -12.21 2.21 -13.9 4.15 curveto
-14.7 5.05 -17.25 6.98 -17.25 6.98 curveto stroke
newpath 31.95 -34.01 moveto
27.9 -32.26 30.1 -21.66 30.1 -21.66 curveto
30.1 -21.66 35 -21.31 36.82 -19.75 curveto
38.64 -18.19 42.57 -12.75 43.95 -9.01 curveto
44.34 -7.95 42.99 -2.42 43.44 3.1 curveto
43.73 6.71 45.52 10.11 46.52 12.94 curveto
49.42 21.17 55.42 23.56 55.42 23.56 curveto
55.42 23.56 57.45 29.17 58.47 31.64 curveto
59.5 34.1 64.65 26.12 65.32 27.31 curveto
66 28.5 73.55 27.38 73.55 27.38 curveto
75.47 33.1 lineto
82.22 24.71 lineto
85.99 18.5 lineto
90.14 19.46 lineto stroke
newpath -13.11 -9.58 moveto
-13.11 -9.58 -2.24 -20.82 -0.44 -21.67 curveto
1.36 -22.52 2.9 -21.92 4.85 -23.5 curveto
6.81 -25.08 11.85 -29.23 11.85 -29.23 curveto
11.85 -29.23 15.99 -26.72 17.34 -30.51 curveto
18.68 -34.3 22.33 -36.43 23.6 -36.79 curveto stroke
newpath 44.19 -46.31 moveto
44.19 -46.31 42.02 -50 39.58 -48.46 curveto
37.14 -46.92 34.03 -42.62 33.67 -40.8 curveto
33.32 -38.98 32.39 -35.56 31.95 -34.01 curveto stroke
newpath -60.56 -39.49 moveto
-62.21 -30.17 lineto
-56.32 -26.35 lineto
-56.32 -26.35 -52.52 -24.2 -50.95 -26.53 curveto
-49.38 -28.87 -48.53 -33.84 -48.53 -33.84 curveto
-46.18 -40.2 lineto
-41.48 -37.05 lineto
-41.89 -32.82 lineto
-43.63 -23.15 lineto
-43.63 -23.15 -40.23 -23.46 -39.76 -25.18 curveto
-39.29 -26.9 -37.08 -30.36 -37.08 -30.36 curveto
-33.99 -34.07 lineto
-31.75 -36.28 lineto
-27.64 -35.2 lineto
-27.85 -29.12 lineto
-28.6 -18.13 lineto
-28.42 -14.06 lineto
-28.42 -14.06 -25.87 -12.87 -25.54 -11.7 curveto
-25.21 -10.52 -24.08 -9.87 -23.17 -8.85 curveto
-22.26 -7.83 -18.73 -7.53 -18.73 -7.53 curveto
-12.87 -9.17 lineto stroke
 0 0.35 dtransform truncate idtransform setlinewidth pop
newpath 121.06296 -65.046 moveto
121.06296 -64.38329 122.05704 -64.38329 122.05704 -65.046 curveto
122.05704 -65.50862 121.56 -65.82588 121.56 -66.28851 curveto stroke
 0 0.84 dtransform truncate idtransform setlinewidth pop
newpath 121.56 -67.03398 moveto 0 0 rlineto stroke
 0 0.35 dtransform truncate idtransform setlinewidth pop
newpath 82.94296 -92.57602 moveto
82.94296 -91.9133 83.93704 -91.9133 83.93704 -92.57602 curveto
83.93704 -93.03864 83.44 -93.3559 83.44 -93.81853 curveto stroke
 0 0.84 dtransform truncate idtransform setlinewidth pop
newpath 83.44 -94.564 moveto 0 0 rlineto stroke
 0 0.35 dtransform truncate idtransform setlinewidth pop
newpath 66.88205 -64.25397 moveto
67.86896 -65.24104 lineto
70.83 -59.31895 lineto
71.81706 -60.30603 lineto stroke
newpath 69.8431 -64.25397 moveto
70.83 -65.24104 lineto
73.79105 -59.31895 lineto
74.7781 -60.30603 lineto stroke
newpath 62.05296 -99.99602 moveto
62.05296 -99.3333 63.04704 -99.3333 63.04704 -99.99602 curveto
63.04704 -100.45863 62.55 -100.7759 62.55 -101.23853 curveto stroke
 0 0.84 dtransform truncate idtransform setlinewidth pop
newpath 62.55 -101.984 moveto 0 0 rlineto stroke
 0 0.35 dtransform truncate idtransform setlinewidth pop
newpath 47.35297 -43.49602 moveto
47.35297 -42.8333 48.34705 -42.8333 48.34705 -43.49602 curveto
48.34705 -43.95863 47.85 -44.2759 47.85 -44.73853 curveto stroke
 0 0.84 dtransform truncate idtransform setlinewidth pop
newpath 47.85 -45.484 moveto 0 0 rlineto stroke
 0 0.7 dtransform truncate idtransform setlinewidth pop
newpath 89.08 -94.23 moveto
89.08 -94.23 92.58 -87.98 93.73 -86.32 curveto
94.87 -84.66 100.48 -80.77 100.98 -78.94 curveto
101.49 -77.1 101.45 -74.02 101.18 -73.56 curveto
100.92 -73.09 98.52 -69.95 99.39 -68.22 curveto
100.26 -66.49 99.82 -64.88 101.02 -64.82 curveto
102.22 -64.76 102.33 -64.69 103.21 -64.74 curveto
104.09 -64.78 107.32 -65.58 107.9 -66.34 curveto
108.48 -67.09 110.82 -67.55 110.82 -67.55 curveto
117.14 -70.39 lineto stroke
newpath 120.84 -60.95 moveto
117.37 -60.01 113.97 -58.81 110.56 -57.73 curveto
106.51 -57.04 101.95 -57.67 98.39 -55.3 curveto
95.89 -53.63 95.23 -50.4 92.46 -49.02 curveto
90.65 -46.89 90.42 -43.28 87.62 -42.04 curveto
85.11 -42.53 85.57 -46.57 85.78 -48.68 curveto
86.39 -51.77 85.66 -54.79 84.89 -57.78 curveto
84.92 -59.59 86.11 -61.99 83.22 -62.07 curveto
77.82 -63.52 72.61 -65.58 67.27 -67.26 curveto
64.6 -67.82 62.02 -66.19 59.24 -66.85 curveto
55.06 -65.91 50.74 -65.63 46.68 -64.22 curveto
45.05 -63.07 45.09 -60.14 44.16 -58.31 curveto
43.06 -56.16 42.56 -53.76 45.09 -52.66 curveto
46.31 -51.25 47.53 -49.85 48.75 -48.44 curveto stroke
newpath 98.57 105.92 moveto
98.57 105.92 93.55 101.39 90.78 101.37 curveto
88 101.35 80.3 98.55 80.3 98.55 curveto
80.3 98.55 67.06 92.94 65.94 92.46 curveto
64.82 91.99 58.48 84.85 57.54 84.32 curveto
56.6 83.79 54.46 83.19 53.84 82.38 curveto
53.21 81.56 54.57 78.61 54.57 78.61 curveto stroke
-1 THsetalpha
 0 0 0 0 setcmykcolor
newpath 99.00201 107.31201 moveto
102.978 107.31201 lineto
102.978 111.288 lineto
99.00201 111.288 lineto
 closepath fill
 0 0 0 1 setcmykcolor 0 0.35 dtransform truncate idtransform setlinewidth pop
newpath 99.00201 107.31201 moveto
102.978 107.31201 lineto
102.978 111.288 lineto
99.00201 111.288 lineto
 closepath stroke
newpath 99.94626 110.81583 moveto
100.99 107.78418 lineto
102.03375 110.81583 lineto stroke
newpath -38.88 77.99004 moveto
-38.18007 77.29 lineto
-36.08005 81.49004 lineto
-35.38 80.79 lineto stroke
newpath -36.77998 77.99004 moveto
-36.08005 77.29 lineto
-33.98003 81.49004 lineto
-33.27998 80.79 lineto stroke
newpath -70.52 98.84004 moveto
-69.82007 98.14 lineto
-67.72005 102.34004 lineto
-67.02 101.64 lineto stroke
newpath -68.41998 98.84004 moveto
-67.72005 98.14 lineto
-65.62003 102.34004 lineto
-64.91998 101.64 lineto stroke
 0 0.4706 0.88235 0.15 setcmykcolor
newpath -109.30992 39.52 moveto
-108.25996 37.77 lineto
-107.21 39.52 lineto stroke
newpath -108.25996 37.77 moveto
-108.25996 36.72005 lineto
-108.71167 36.72005 -109.09993 36.38863 -109.09993 35.95004 curveto
-109.09993 35.51146 -108.71167 35.18004 -108.25996 35.18004 curveto
-108.25996 33.92009 lineto stroke
 0 0 0 1 setcmykcolor
newpath -99.64998 7.43008 moveto
-100.37738 8.46893 -100.72227 9.70715 -101.04996 10.93008 curveto
-101.04996 12.79672 -98.25 12.79672 -98.25 10.93008 curveto
-98.57768 9.70715 -98.92258 8.46893 -99.64998 7.43008 curveto stroke
newpath -102.55998 21.79008 moveto
-103.28738 22.82893 -103.63228 24.06715 -103.95996 25.29008 curveto
-103.95996 27.15672 -101.16 27.15672 -101.16 25.29008 curveto
-101.48769 24.06715 -101.83258 22.82893 -102.55998 21.79008 curveto stroke
newpath -94.32997 -5.78992 moveto
-95.05737 -4.75107 -95.40227 -3.51285 -95.72995 -2.28992 curveto
-95.72995 -0.42328 -92.93 -0.42328 -92.93 -2.28992 curveto
-93.25768 -3.51285 -93.60257 -4.75107 -94.32997 -5.78992 curveto stroke
 0 0.4706 0.88235 0.15 setcmykcolor
newpath -77.52 21.11992 moveto
-76.47005 19.36992 lineto
-75.42009 21.11992 lineto stroke
newpath -76.47005 19.36992 moveto
-76.47005 18.31996 lineto
-76.92175 18.31996 -77.31001 17.98854 -77.31001 17.54996 curveto
-77.31001 17.11137 -76.92175 16.77995 -76.47005 16.77995 curveto
-76.47005 15.52 lineto stroke
newpath -91.74 53.23997 moveto
-84.74 53.23997 lineto stroke
 0.24501 0 dtransform exch truncate exch idtransform pop setlinewidth
newpath -91.03996 53.23997 moveto
-91.03996 51.84 lineto stroke
newpath -89.07997 53.23997 moveto
-89.07997 50.09 lineto stroke
newpath -88.09998 53.23997 moveto
-88.09998 51.13995 lineto stroke
newpath -86.63004 53.23997 moveto
-86.63004 50.50998 lineto stroke
newpath -85.78996 53.23997 moveto
-85.78996 50.79004 lineto stroke
 0 0 0 1 setcmykcolor 0 0.7 dtransform truncate idtransform setlinewidth pop
newpath 71.97 35.48 moveto
72.18 34.43 72.87 34.44 71.92 33.52 curveto
70.97 32.59 67.22 31.16 66.16 31.65 curveto
65.11 32.14 63.07 32.61 63.02 34.21 curveto
62.97 35.81 63.56 37.23 64.46 37.27 curveto
65.36 37.32 68.87 37.14 69.58 36.84 curveto
70.29 36.54 70.94 37.45 71.58 37.27 curveto
72.22 37.09 71.97 35.48 71.97 35.48 curveto closepath stroke
-1 THsetalpha
 0 0 0 0 setcmykcolor
newpath -30.62003 -32.90002 moveto
-30.81334 -32.70671 -30.81334 -32.3933 -30.62003 -32.19998 curveto
-30.42671 -32.00667 -30.1133 -32.00667 -29.91998 -32.19998 curveto
-29.72667 -32.3933 -29.72667 -32.70671 -29.91998 -32.90002 curveto
-30.1133 -33.09334 -30.42671 -33.09334 -30.62003 -32.90002 curveto closepath fill
 0.6 0.6 0.6 setrgbcolor 0 0.24501 dtransform truncate idtransform setlinewidth pop
newpath -30.62003 -32.90002 moveto
-30.81334 -32.70671 -30.81334 -32.3933 -30.62003 -32.19998 curveto
-30.42671 -32.00667 -30.1133 -32.00667 -29.91998 -32.19998 curveto
-29.72667 -32.3933 -29.72667 -32.70671 -29.91998 -32.90002 curveto
-30.1133 -33.09334 -30.42671 -33.09334 -30.62003 -32.90002 curveto closepath stroke
-1 THsetalpha
 0 0 0 0 setcmykcolor
newpath -31.11002 -13.64001 moveto
-31.30333 -13.4467 -31.30333 -13.13329 -31.11002 -12.93997 curveto
-30.9167 -12.74666 -30.60329 -12.74666 -30.40997 -12.93997 curveto
-30.21666 -13.13329 -30.21666 -13.4467 -30.40997 -13.64001 curveto
-30.60329 -13.83333 -30.9167 -13.83333 -31.11002 -13.64001 curveto closepath fill
 0.6 0.6 0.6 setrgbcolor
newpath -31.11002 -13.64001 moveto
-31.30333 -13.4467 -31.30333 -13.13329 -31.11002 -12.93997 curveto
-30.9167 -12.74666 -30.60329 -12.74666 -30.40997 -12.93997 curveto
-30.21666 -13.13329 -30.21666 -13.4467 -30.40997 -13.64001 curveto
-30.60329 -13.83333 -30.9167 -13.83333 -31.11002 -13.64001 curveto closepath stroke
-1 THsetalpha
 0 0 0 0 setcmykcolor
newpath -44.98003 -36.08002 moveto
-45.17334 -35.8867 -45.17334 -35.57329 -44.98003 -35.37997 curveto
-44.78671 -35.18666 -44.4733 -35.18666 -44.27998 -35.37997 curveto
-44.08667 -35.57329 -44.08667 -35.8867 -44.27998 -36.08002 curveto
-44.4733 -36.27333 -44.78671 -36.27333 -44.98003 -36.08002 curveto closepath fill
 0.6 0.6 0.6 setrgbcolor
newpath -44.98003 -36.08002 moveto
-45.17334 -35.8867 -45.17334 -35.57329 -44.98003 -35.37997 curveto
-44.78671 -35.18666 -44.4733 -35.18666 -44.27998 -35.37997 curveto
-44.08667 -35.57329 -44.08667 -35.8867 -44.27998 -36.08002 curveto
-44.4733 -36.27333 -44.78671 -36.27333 -44.98003 -36.08002 curveto closepath stroke
-1 THsetalpha
 0 0 0 0 setcmykcolor
newpath -30.53001 -32.49002 moveto
-30.72333 -32.2967 -30.72333 -31.98329 -30.53001 -31.78998 curveto
-30.3367 -31.59666 -30.02328 -31.59666 -29.82997 -31.78998 curveto
-29.63666 -31.98329 -29.63666 -32.2967 -29.82997 -32.49002 curveto
-30.02328 -32.68333 -30.3367 -32.68333 -30.53001 -32.49002 curveto closepath fill
 0.6 0.6 0.6 setrgbcolor
newpath -30.53001 -32.49002 moveto
-30.72333 -32.2967 -30.72333 -31.98329 -30.53001 -31.78998 curveto
-30.3367 -31.59666 -30.02328 -31.59666 -29.82997 -31.78998 curveto
-29.63666 -31.98329 -29.63666 -32.2967 -29.82997 -32.49002 curveto
-30.02328 -32.68333 -30.3367 -32.68333 -30.53001 -32.49002 curveto closepath stroke
-1 THsetalpha
 0 0 0 0 setcmykcolor
newpath -4.62003 -5.85002 moveto
-4.81334 -5.65671 -4.81334 -5.34329 -4.62003 -5.14998 curveto
-4.42671 -4.95667 -4.1133 -4.95667 -3.91998 -5.14998 curveto
-3.72667 -5.34329 -3.72667 -5.65671 -3.91998 -5.85002 curveto
-4.1133 -6.04333 -4.42671 -6.04333 -4.62003 -5.85002 curveto closepath fill
 0.6 0.6 0.6 setrgbcolor
newpath -4.62003 -5.85002 moveto
-4.81334 -5.65671 -4.81334 -5.34329 -4.62003 -5.14998 curveto
-4.42671 -4.95667 -4.1133 -4.95667 -3.91998 -5.14998 curveto
-3.72667 -5.34329 -3.72667 -5.65671 -3.91998 -5.85002 curveto
-4.1133 -6.04333 -4.42671 -6.04333 -4.62003 -5.85002 curveto closepath stroke
-1 THsetalpha
 0 0 0 0 setcmykcolor
newpath 59.47998 77.91998 moveto
59.28667 78.1133 59.28667 78.42671 59.47998 78.62003 curveto
59.6733 78.81334 59.98671 78.81334 60.18002 78.62003 curveto
60.37334 78.42671 60.37334 78.1133 60.18002 77.91998 curveto
59.98671 77.72667 59.6733 77.72667 59.47998 77.91998 curveto closepath fill
 0.6 0.6 0.6 setrgbcolor
newpath 59.47998 77.91998 moveto
59.28667 78.1133 59.28667 78.42671 59.47998 78.62003 curveto
59.6733 78.81334 59.98671 78.81334 60.18002 78.62003 curveto
60.37334 78.42671 60.37334 78.1133 60.18002 77.91998 curveto
59.98671 77.72667 59.6733 77.72667 59.47998 77.91998 curveto closepath stroke
-1 THsetalpha
 0 0 0 0 setcmykcolor
newpath 73.56998 59.52998 moveto
73.37666 59.7233 73.37666 60.03671 73.56998 60.23003 curveto
73.76329 60.42334 74.0767 60.42334 74.27002 60.23003 curveto
74.46333 60.03671 74.46333 59.7233 74.27002 59.52998 curveto
74.0767 59.33667 73.76329 59.33667 73.56998 59.52998 curveto closepath fill
 0.6 0.6 0.6 setrgbcolor
newpath 73.56998 59.52998 moveto
73.37666 59.7233 73.37666 60.03671 73.56998 60.23003 curveto
73.76329 60.42334 74.0767 60.42334 74.27002 60.23003 curveto
74.46333 60.03671 74.46333 59.7233 74.27002 59.52998 curveto
74.0767 59.33667 73.76329 59.33667 73.56998 59.52998 curveto closepath stroke
-1 THsetalpha
 0 0 0 0 setcmykcolor
newpath 80.62997 27.49998 moveto
80.43666 27.6933 80.43666 28.00671 80.62997 28.20003 curveto
80.82329 28.39334 81.1367 28.39334 81.33002 28.20003 curveto
81.52333 28.00671 81.52333 27.6933 81.33002 27.49998 curveto
81.1367 27.30667 80.82329 27.30667 80.62997 27.49998 curveto closepath fill
 0.6 0.6 0.6 setrgbcolor
newpath 80.62997 27.49998 moveto
80.43666 27.6933 80.43666 28.00671 80.62997 28.20003 curveto
80.82329 28.39334 81.1367 28.39334 81.33002 28.20003 curveto
81.52333 28.00671 81.52333 27.6933 81.33002 27.49998 curveto
81.1367 27.30667 80.82329 27.30667 80.62997 27.49998 curveto closepath stroke
-1 THsetalpha
 0 0 0 0 setcmykcolor
newpath 78.85999 61.49998 moveto
78.66667 61.6933 78.66667 62.00671 78.85999 62.20003 curveto
79.0533 62.39334 79.36671 62.39334 79.56003 62.20003 curveto
79.75334 62.00671 79.75334 61.6933 79.56003 61.49998 curveto
79.36671 61.30667 79.0533 61.30667 78.85999 61.49998 curveto closepath fill
 0.6 0.6 0.6 setrgbcolor
newpath 78.85999 61.49998 moveto
78.66667 61.6933 78.66667 62.00671 78.85999 62.20003 curveto
79.0533 62.39334 79.36671 62.39334 79.56003 62.20003 curveto
79.75334 62.00671 79.75334 61.6933 79.56003 61.49998 curveto
79.36671 61.30667 79.0533 61.30667 78.85999 61.49998 curveto closepath stroke
-1 THsetalpha
 0 0 0 0 setcmykcolor
newpath 73.31998 41.55998 moveto
73.12666 41.7533 73.12666 42.06671 73.31998 42.26003 curveto
73.51329 42.45334 73.8267 42.45334 74.02002 42.26003 curveto
74.21333 42.06671 74.21333 41.7533 74.02002 41.55998 curveto
73.8267 41.36667 73.51329 41.36667 73.31998 41.55998 curveto closepath fill
 0.6 0.6 0.6 setrgbcolor
newpath 73.31998 41.55998 moveto
73.12666 41.7533 73.12666 42.06671 73.31998 42.26003 curveto
73.51329 42.45334 73.8267 42.45334 74.02002 42.26003 curveto
74.21333 42.06671 74.21333 41.7533 74.02002 41.55998 curveto
73.8267 41.36667 73.51329 41.36667 73.31998 41.55998 curveto closepath stroke
-1 THsetalpha
 0 0 0 0 setcmykcolor
newpath 53.71999 35.76997 moveto
53.52667 35.96329 53.52667 36.2767 53.71999 36.47002 curveto
53.9133 36.66333 54.22672 36.66333 54.42003 36.47002 curveto
54.61334 36.2767 54.61334 35.96329 54.42003 35.76997 curveto
54.22672 35.57666 53.9133 35.57666 53.71999 35.76997 curveto closepath fill
 0.6 0.6 0.6 setrgbcolor
newpath 53.71999 35.76997 moveto
53.52667 35.96329 53.52667 36.2767 53.71999 36.47002 curveto
53.9133 36.66333 54.22672 36.66333 54.42003 36.47002 curveto
54.61334 36.2767 54.61334 35.96329 54.42003 35.76997 curveto
54.22672 35.57666 53.9133 35.57666 53.71999 35.76997 curveto closepath stroke
-1 THsetalpha
 0 0 0 0 setcmykcolor
newpath 44.97998 19.69998 moveto
44.78667 19.8933 44.78667 20.20671 44.97998 20.40002 curveto
45.1733 20.59334 45.48671 20.59334 45.68002 20.40002 curveto
45.87334 20.20671 45.87334 19.8933 45.68002 19.69998 curveto
45.48671 19.50667 45.1733 19.50667 44.97998 19.69998 curveto closepath fill
 0.6 0.6 0.6 setrgbcolor
newpath 44.97998 19.69998 moveto
44.78667 19.8933 44.78667 20.20671 44.97998 20.40002 curveto
45.1733 20.59334 45.48671 20.59334 45.68002 20.40002 curveto
45.87334 20.20671 45.87334 19.8933 45.68002 19.69998 curveto
45.48671 19.50667 45.1733 19.50667 44.97998 19.69998 curveto closepath stroke
-1 THsetalpha
 0 0 0 0 setcmykcolor
newpath 43.62997 15.39998 moveto
43.43666 15.59329 43.43666 15.90671 43.62997 16.10002 curveto
43.82329 16.29333 44.1367 16.29333 44.33002 16.10002 curveto
44.52333 15.90671 44.52333 15.59329 44.33002 15.39998 curveto
44.1367 15.20667 43.82329 15.20667 43.62997 15.39998 curveto closepath fill
 0.6 0.6 0.6 setrgbcolor
newpath 43.62997 15.39998 moveto
43.43666 15.59329 43.43666 15.90671 43.62997 16.10002 curveto
43.82329 16.29333 44.1367 16.29333 44.33002 16.10002 curveto
44.52333 15.90671 44.52333 15.59329 44.33002 15.39998 curveto
44.1367 15.20667 43.82329 15.20667 43.62997 15.39998 curveto closepath stroke
-1 THsetalpha
 0 0 0 0 setcmykcolor
newpath 36.94998 -8.61002 moveto
36.75667 -8.4167 36.75667 -8.10329 36.94998 -7.90997 curveto
37.1433 -7.71666 37.45671 -7.71666 37.65002 -7.90997 curveto
37.84334 -8.10329 37.84334 -8.4167 37.65002 -8.61002 curveto
37.45671 -8.80333 37.1433 -8.80333 36.94998 -8.61002 curveto closepath fill
 0.6 0.6 0.6 setrgbcolor
newpath 36.94998 -8.61002 moveto
36.75667 -8.4167 36.75667 -8.10329 36.94998 -7.90997 curveto
37.1433 -7.71666 37.45671 -7.71666 37.65002 -7.90997 curveto
37.84334 -8.10329 37.84334 -8.4167 37.65002 -8.61002 curveto
37.45671 -8.80333 37.1433 -8.80333 36.94998 -8.61002 curveto closepath stroke
-1 THsetalpha
 0 0 0 0 setcmykcolor
newpath 19.79997 -23.77002 moveto
19.60666 -23.5767 19.60666 -23.26329 19.79997 -23.06998 curveto
19.99329 -22.87666 20.3067 -22.87666 20.50002 -23.06998 curveto
20.69333 -23.26329 20.69333 -23.5767 20.50002 -23.77002 curveto
20.3067 -23.96333 19.99329 -23.96333 19.79997 -23.77002 curveto closepath fill
 0.6 0.6 0.6 setrgbcolor
newpath 19.79997 -23.77002 moveto
19.60666 -23.5767 19.60666 -23.26329 19.79997 -23.06998 curveto
19.99329 -22.87666 20.3067 -22.87666 20.50002 -23.06998 curveto
20.69333 -23.26329 20.69333 -23.5767 20.50002 -23.77002 curveto
20.3067 -23.96333 19.99329 -23.96333 19.79997 -23.77002 curveto closepath stroke
-1 THsetalpha
 0 0 0 0 setcmykcolor
newpath 49.70998 -76.45003 moveto
49.51666 -76.25671 49.51666 -75.9433 49.70998 -75.74998 curveto
49.90329 -75.55667 50.2167 -75.55667 50.41002 -75.74998 curveto
50.60333 -75.9433 50.60333 -76.25671 50.41002 -76.45003 curveto
50.2167 -76.64334 49.90329 -76.64334 49.70998 -76.45003 curveto closepath fill
 0.6 0.6 0.6 setrgbcolor
newpath 49.70998 -76.45003 moveto
49.51666 -76.25671 49.51666 -75.9433 49.70998 -75.74998 curveto
49.90329 -75.55667 50.2167 -75.55667 50.41002 -75.74998 curveto
50.60333 -75.9433 50.60333 -76.25671 50.41002 -76.45003 curveto
50.2167 -76.64334 49.90329 -76.64334 49.70998 -76.45003 curveto closepath stroke
-1 THsetalpha
 0 0 0 0 setcmykcolor
newpath 47.15997 -71.09003 moveto
46.96666 -70.89671 46.96666 -70.5833 47.15997 -70.38998 curveto
47.35329 -70.19667 47.6667 -70.19667 47.86002 -70.38998 curveto
48.05333 -70.5833 48.05333 -70.89671 47.86002 -71.09003 curveto
47.6667 -71.28334 47.35329 -71.28334 47.15997 -71.09003 curveto closepath fill
 0.6 0.6 0.6 setrgbcolor
newpath 47.15997 -71.09003 moveto
46.96666 -70.89671 46.96666 -70.5833 47.15997 -70.38998 curveto
47.35329 -70.19667 47.6667 -70.19667 47.86002 -70.38998 curveto
48.05333 -70.5833 48.05333 -70.89671 47.86002 -71.09003 curveto
47.6667 -71.28334 47.35329 -71.28334 47.15997 -71.09003 curveto closepath stroke
-1 THsetalpha
 0 0 0 0 setcmykcolor
newpath 36.06998 -49.76003 moveto
35.87666 -49.56671 35.87666 -49.2533 36.06998 -49.05998 curveto
36.26329 -48.86667 36.5767 -48.86667 36.77002 -49.05998 curveto
36.96333 -49.2533 36.96333 -49.56671 36.77002 -49.76003 curveto
36.5767 -49.95334 36.26329 -49.95334 36.06998 -49.76003 curveto closepath fill
 0.6 0.6 0.6 setrgbcolor
newpath 36.06998 -49.76003 moveto
35.87666 -49.56671 35.87666 -49.2533 36.06998 -49.05998 curveto
36.26329 -48.86667 36.5767 -48.86667 36.77002 -49.05998 curveto
36.96333 -49.2533 36.96333 -49.56671 36.77002 -49.76003 curveto
36.5767 -49.95334 36.26329 -49.95334 36.06998 -49.76003 curveto closepath stroke
-1 THsetalpha
 0 0 0 0 setcmykcolor
newpath 21.17998 -26.35002 moveto
20.98666 -26.15671 20.98666 -25.84329 21.17998 -25.64998 curveto
21.37329 -25.45667 21.6867 -25.45667 21.88002 -25.64998 curveto
22.07333 -25.84329 22.07333 -26.15671 21.88002 -26.35002 curveto
21.6867 -26.54333 21.37329 -26.54333 21.17998 -26.35002 curveto closepath fill
 0.6 0.6 0.6 setrgbcolor
newpath 21.17998 -26.35002 moveto
20.98666 -26.15671 20.98666 -25.84329 21.17998 -25.64998 curveto
21.37329 -25.45667 21.6867 -25.45667 21.88002 -25.64998 curveto
22.07333 -25.84329 22.07333 -26.15671 21.88002 -26.35002 curveto
21.6867 -26.54333 21.37329 -26.54333 21.17998 -26.35002 curveto closepath stroke
-1 THsetalpha
 0 0 0 0 setcmykcolor
newpath 11.04997 -23.83002 moveto
10.85666 -23.6367 10.85666 -23.32329 11.04997 -23.12997 curveto
11.24329 -22.93666 11.5567 -22.93666 11.75002 -23.12997 curveto
11.94333 -23.32329 11.94333 -23.6367 11.75002 -23.83002 curveto
11.5567 -24.02333 11.24329 -24.02333 11.04997 -23.83002 curveto closepath fill
 0.6 0.6 0.6 setrgbcolor
newpath 11.04997 -23.83002 moveto
10.85666 -23.6367 10.85666 -23.32329 11.04997 -23.12997 curveto
11.24329 -22.93666 11.5567 -22.93666 11.75002 -23.12997 curveto
11.94333 -23.32329 11.94333 -23.6367 11.75002 -23.83002 curveto
11.5567 -24.02333 11.24329 -24.02333 11.04997 -23.83002 curveto closepath stroke
-1 THsetalpha
 0 0 0 0 setcmykcolor
newpath 7.42998 -19.74002 moveto
7.23666 -19.5467 7.23666 -19.23329 7.42998 -19.03998 curveto
7.62329 -18.84666 7.9367 -18.84666 8.13002 -19.03998 curveto
8.32333 -19.23329 8.32333 -19.5467 8.13002 -19.74002 curveto
7.9367 -19.93333 7.62329 -19.93333 7.42998 -19.74002 curveto closepath fill
 0.6 0.6 0.6 setrgbcolor
newpath 7.42998 -19.74002 moveto
7.23666 -19.5467 7.23666 -19.23329 7.42998 -19.03998 curveto
7.62329 -18.84666 7.9367 -18.84666 8.13002 -19.03998 curveto
8.32333 -19.23329 8.32333 -19.5467 8.13002 -19.74002 curveto
7.9367 -19.93333 7.62329 -19.93333 7.42998 -19.74002 curveto closepath stroke
-1 THsetalpha
 0 0 0 0 setcmykcolor
newpath -0.80002 -14.23003 moveto
-0.99333 -14.03671 -0.99333 -13.7233 -0.80002 -13.52998 curveto
-0.6067 -13.33667 -0.29329 -13.33667 -0.09998 -13.52998 curveto
0.09334 -13.7233 0.09334 -14.03671 -0.09998 -14.23003 curveto
-0.29329 -14.42334 -0.6067 -14.42334 -0.80002 -14.23003 curveto closepath fill
 0.6 0.6 0.6 setrgbcolor
newpath -0.80002 -14.23003 moveto
-0.99333 -14.03671 -0.99333 -13.7233 -0.80002 -13.52998 curveto
-0.6067 -13.33667 -0.29329 -13.33667 -0.09998 -13.52998 curveto
0.09334 -13.7233 0.09334 -14.03671 -0.09998 -14.23003 curveto
-0.29329 -14.42334 -0.6067 -14.42334 -0.80002 -14.23003 curveto closepath stroke
-1 THsetalpha
 0 0 0 0 setcmykcolor
newpath -6.87003 -13.53001 moveto
-7.06334 -13.3367 -7.06334 -13.02328 -6.87003 -12.82997 curveto
-6.67671 -12.63666 -6.3633 -12.63666 -6.16998 -12.82997 curveto
-5.97667 -13.02328 -5.97667 -13.3367 -6.16998 -13.53001 curveto
-6.3633 -13.72333 -6.67671 -13.72333 -6.87003 -13.53001 curveto closepath fill
 0.6 0.6 0.6 setrgbcolor
newpath -6.87003 -13.53001 moveto
-7.06334 -13.3367 -7.06334 -13.02328 -6.87003 -12.82997 curveto
-6.67671 -12.63666 -6.3633 -12.63666 -6.16998 -12.82997 curveto
-5.97667 -13.02328 -5.97667 -13.3367 -6.16998 -13.53001 curveto
-6.3633 -13.72333 -6.67671 -13.72333 -6.87003 -13.53001 curveto closepath stroke
-1 THsetalpha
 0 0 0 0 setcmykcolor
newpath -15.72002 -5.33002 moveto
-15.91333 -5.1367 -15.91333 -4.82329 -15.72002 -4.62997 curveto
-15.5267 -4.43666 -15.21329 -4.43666 -15.01997 -4.62997 curveto
-14.82666 -4.82329 -14.82666 -5.1367 -15.01997 -5.33002 curveto
-15.21329 -5.52333 -15.5267 -5.52333 -15.72002 -5.33002 curveto closepath fill
 0.6 0.6 0.6 setrgbcolor
newpath -15.72002 -5.33002 moveto
-15.91333 -5.1367 -15.91333 -4.82329 -15.72002 -4.62997 curveto
-15.5267 -4.43666 -15.21329 -4.43666 -15.01997 -4.62997 curveto
-14.82666 -4.82329 -14.82666 -5.1367 -15.01997 -5.33002 curveto
-15.21329 -5.52333 -15.5267 -5.52333 -15.72002 -5.33002 curveto closepath stroke
-1 THsetalpha
 0 0 0 0 setcmykcolor
newpath -62.24002 82.13998 moveto
-62.43333 82.3333 -62.43333 82.64671 -62.24002 82.84003 curveto
-62.0467 83.03334 -61.73329 83.03334 -61.53998 82.84003 curveto
-61.34666 82.64671 -61.34666 82.3333 -61.53998 82.13998 curveto
-61.73329 81.94667 -62.0467 81.94667 -62.24002 82.13998 curveto closepath fill
 0.6 0.6 0.6 setrgbcolor
newpath -62.24002 82.13998 moveto
-62.43333 82.3333 -62.43333 82.64671 -62.24002 82.84003 curveto
-62.0467 83.03334 -61.73329 83.03334 -61.53998 82.84003 curveto
-61.34666 82.64671 -61.34666 82.3333 -61.53998 82.13998 curveto
-61.73329 81.94667 -62.0467 81.94667 -62.24002 82.13998 curveto closepath stroke
-1 THsetalpha
 0 0 0 0 setcmykcolor
newpath -54.73003 75.24998 moveto
-54.92334 75.4433 -54.92334 75.75671 -54.73003 75.95003 curveto
-54.53671 76.14334 -54.2233 76.14334 -54.02998 75.95003 curveto
-53.83667 75.75671 -53.83667 75.4433 -54.02998 75.24998 curveto
-54.2233 75.05667 -54.53671 75.05667 -54.73003 75.24998 curveto closepath fill
 0.6 0.6 0.6 setrgbcolor
newpath -54.73003 75.24998 moveto
-54.92334 75.4433 -54.92334 75.75671 -54.73003 75.95003 curveto
-54.53671 76.14334 -54.2233 76.14334 -54.02998 75.95003 curveto
-53.83667 75.75671 -53.83667 75.4433 -54.02998 75.24998 curveto
-54.2233 75.05667 -54.53671 75.05667 -54.73003 75.24998 curveto closepath stroke
-1 THsetalpha
 0 0 0 0 setcmykcolor
newpath -40.84003 41.66998 moveto
-41.03334 41.8633 -41.03334 42.17671 -40.84003 42.37003 curveto
-40.64671 42.56334 -40.3333 42.56334 -40.13998 42.37003 curveto
-39.94667 42.17671 -39.94667 41.8633 -40.13998 41.66998 curveto
-40.3333 41.47667 -40.64671 41.47667 -40.84003 41.66998 curveto closepath fill
 0.6 0.6 0.6 setrgbcolor
newpath -40.84003 41.66998 moveto
-41.03334 41.8633 -41.03334 42.17671 -40.84003 42.37003 curveto
-40.64671 42.56334 -40.3333 42.56334 -40.13998 42.37003 curveto
-39.94667 42.17671 -39.94667 41.8633 -40.13998 41.66998 curveto
-40.3333 41.47667 -40.64671 41.47667 -40.84003 41.66998 curveto closepath stroke
-1 THsetalpha
 0 0 0 0 setcmykcolor
newpath -94.39001 33.31998 moveto
-94.58333 33.51329 -94.58333 33.8267 -94.39001 34.02002 curveto
-94.1967 34.21333 -93.88329 34.21333 -93.68997 34.02002 curveto
-93.49666 33.8267 -93.49666 33.51329 -93.68997 33.31998 curveto
-93.88329 33.12666 -94.1967 33.12666 -94.39001 33.31998 curveto closepath fill
 0.6 0.6 0.6 setrgbcolor
newpath -94.39001 33.31998 moveto
-94.58333 33.51329 -94.58333 33.8267 -94.39001 34.02002 curveto
-94.1967 34.21333 -93.88329 34.21333 -93.68997 34.02002 curveto
-93.49666 33.8267 -93.49666 33.51329 -93.68997 33.31998 curveto
-93.88329 33.12666 -94.1967 33.12666 -94.39001 33.31998 curveto closepath stroke
-1 THsetalpha
 0 0 0 0 setcmykcolor
newpath -87.40002 -0.10002 moveto
-87.59334 0.09329 -87.59334 0.40671 -87.40002 0.60002 curveto
-87.20671 0.79333 -86.8933 0.79333 -86.69998 0.60002 curveto
-86.50667 0.40671 -86.50667 0.09329 -86.69998 -0.10002 curveto
-86.8933 -0.29333 -87.20671 -0.29333 -87.40002 -0.10002 curveto closepath fill
 0.6 0.6 0.6 setrgbcolor
newpath -87.40002 -0.10002 moveto
-87.59334 0.09329 -87.59334 0.40671 -87.40002 0.60002 curveto
-87.20671 0.79333 -86.8933 0.79333 -86.69998 0.60002 curveto
-86.50667 0.40671 -86.50667 0.09329 -86.69998 -0.10002 curveto
-86.8933 -0.29333 -87.20671 -0.29333 -87.40002 -0.10002 curveto closepath stroke
-1 THsetalpha
 0 0 0 0 setcmykcolor
newpath -40.82002 41.62997 moveto
-41.01334 41.82329 -41.01334 42.1367 -40.82002 42.33002 curveto
-40.62671 42.52333 -40.3133 42.52333 -40.11998 42.33002 curveto
-39.92667 42.1367 -39.92667 41.82329 -40.11998 41.62997 curveto
-40.3133 41.43666 -40.62671 41.43666 -40.82002 41.62997 curveto closepath fill
 0.6 0.6 0.6 setrgbcolor
newpath -40.82002 41.62997 moveto
-41.01334 41.82329 -41.01334 42.1367 -40.82002 42.33002 curveto
-40.62671 42.52333 -40.3133 42.52333 -40.11998 42.33002 curveto
-39.92667 42.1367 -39.92667 41.82329 -40.11998 41.62997 curveto
-40.3133 41.43666 -40.62671 41.43666 -40.82002 41.62997 curveto closepath stroke
-1 THsetalpha
 0 0 0 0 setcmykcolor
newpath -24.39001 1.89998 moveto
-24.58333 2.09329 -24.58333 2.40671 -24.39001 2.60002 curveto
-24.1967 2.79333 -23.88329 2.79333 -23.68997 2.60002 curveto
-23.49666 2.40671 -23.49666 2.09329 -23.68997 1.89998 curveto
-23.88329 1.70667 -24.1967 1.70667 -24.39001 1.89998 curveto closepath fill
 0.6 0.6 0.6 setrgbcolor
newpath -24.39001 1.89998 moveto
-24.58333 2.09329 -24.58333 2.40671 -24.39001 2.60002 curveto
-24.1967 2.79333 -23.88329 2.79333 -23.68997 2.60002 curveto
-23.49666 2.40671 -23.49666 2.09329 -23.68997 1.89998 curveto
-23.88329 1.70667 -24.1967 1.70667 -24.39001 1.89998 curveto closepath fill
-1 THsetalpha
 0 0 0 0 setcmykcolor
newpath -33.63002 -10.57002 moveto
-33.82333 -10.37671 -33.82333 -10.0633 -33.63002 -9.86998 curveto
-33.4367 -9.67667 -33.12329 -9.67667 -32.92998 -9.86998 curveto
-32.73666 -10.0633 -32.73666 -10.37671 -32.92998 -10.57002 curveto
-33.12329 -10.76334 -33.4367 -10.76334 -33.63002 -10.57002 curveto closepath fill
 0.6 0.6 0.6 setrgbcolor
newpath -33.63002 -10.57002 moveto
-33.82333 -10.37671 -33.82333 -10.0633 -33.63002 -9.86998 curveto
-33.4367 -9.67667 -33.12329 -9.67667 -32.92998 -9.86998 curveto
-32.73666 -10.0633 -32.73666 -10.37671 -32.92998 -10.57002 curveto
-33.12329 -10.76334 -33.4367 -10.76334 -33.63002 -10.57002 curveto closepath fill
-1 THsetalpha
 0 0 0 0 setcmykcolor
newpath -45.47002 -16.73003 moveto
-45.66333 -16.53671 -45.66333 -16.2233 -45.47002 -16.02998 curveto
-45.2767 -15.83667 -44.96329 -15.83667 -44.76997 -16.02998 curveto
-44.57666 -16.2233 -44.57666 -16.53671 -44.76997 -16.73003 curveto
-44.96329 -16.92334 -45.2767 -16.92334 -45.47002 -16.73003 curveto closepath fill
 0.6 0.6 0.6 setrgbcolor
newpath -45.47002 -16.73003 moveto
-45.66333 -16.53671 -45.66333 -16.2233 -45.47002 -16.02998 curveto
-45.2767 -15.83667 -44.96329 -15.83667 -44.76997 -16.02998 curveto
-44.57666 -16.2233 -44.57666 -16.53671 -44.76997 -16.73003 curveto
-44.96329 -16.92334 -45.2767 -16.92334 -45.47002 -16.73003 curveto closepath fill
-1 THsetalpha
 0 0 0 0 setcmykcolor
newpath -73.63002 -29.54002 moveto
-73.82333 -29.34671 -73.82333 -29.0333 -73.63002 -28.83998 curveto
-73.4367 -28.64667 -73.12329 -28.64667 -72.92998 -28.83998 curveto
-72.73666 -29.0333 -72.73666 -29.34671 -72.92998 -29.54002 curveto
-73.12329 -29.73334 -73.4367 -29.73334 -73.63002 -29.54002 curveto closepath fill
 0.6 0.6 0.6 setrgbcolor
newpath -73.63002 -29.54002 moveto
-73.82333 -29.34671 -73.82333 -29.0333 -73.63002 -28.83998 curveto
-73.4367 -28.64667 -73.12329 -28.64667 -72.92998 -28.83998 curveto
-72.73666 -29.0333 -72.73666 -29.34671 -72.92998 -29.54002 curveto
-73.12329 -29.73334 -73.4367 -29.73334 -73.63002 -29.54002 curveto closepath stroke
-1 THsetalpha
 0 0 0 0 setcmykcolor
newpath 57.08998 -88.04002 moveto
56.89667 -87.84671 56.89667 -87.5333 57.08998 -87.33998 curveto
57.2833 -87.14667 57.59671 -87.14667 57.79002 -87.33998 curveto
57.98334 -87.5333 57.98334 -87.84671 57.79002 -88.04002 curveto
57.59671 -88.23334 57.2833 -88.23334 57.08998 -88.04002 curveto closepath fill
 0.6 0.6 0.6 setrgbcolor
newpath 57.08998 -88.04002 moveto
56.89667 -87.84671 56.89667 -87.5333 57.08998 -87.33998 curveto
57.2833 -87.14667 57.59671 -87.14667 57.79002 -87.33998 curveto
57.98334 -87.5333 57.98334 -87.84671 57.79002 -88.04002 curveto
57.59671 -88.23334 57.2833 -88.23334 57.08998 -88.04002 curveto closepath stroke
showpage
%%EOF
