%!PS
%%BoundingBox: -42 -84 42 84 
%%HiResBoundingBox: -41.76001 -83.79001 41.39 83.75 
%%Creator: MetaPost 2.01
%%CreationDate: 2023.02.28:1206
%%Pages: 1
%%BeginProlog
%%EndProlog
%%Page: 1 1
 0 0 0 1 setcmykcolor 0 0.7 dtransform truncate idtransform setlinewidth pop
 [] 0 setdash 1 setlinecap 1 setlinejoin 10 setmiterlimit
newpath 19.29 -83.44 moveto
19.29 -83.44 18.34 -81.4 18.42 -79.52 curveto
18.51 -77.61 19.62 -75.85 19.8 -75.71 curveto
21.86 -73.92 20.21 -62.43 22.26 -58.09 curveto
24.31 -53.74 29.76 -49.92 29.76 -49.92 curveto
29.76 -49.92 36.29 -52.48 39.63 -49.69 curveto
41.36 -48.25 39.76 -43.33 39.62 -42.83 curveto
38.33 -38.54 lineto
41.04 -23.13 lineto
41.04 -23.13 38.8 -19.74 36.7 -18.76 curveto
34.61 -17.78 31.84 -11.87 31.84 -11.87 curveto
30.46 -2.59 lineto stroke
newpath -20.35 -78.32 moveto
-19.04 -74.97 lineto
-12.65 -70.43 lineto
-7.06 -70.25 lineto
-7.06 -70.25 -5.26 -78.59 -2.72 -76.54 curveto
-0.18 -74.49 3.37 -73.71 3.37 -73.71 curveto
3.37 -73.71 6.38 -74.5 9.85 -75.19 curveto
10.18 -75.26 11.56 -76.9 12.23 -78.69 curveto
12.97 -80.65 13.38 -82.85 13.38 -82.85 curveto stroke
newpath 19.02 51.66 moveto
19.02 51.66 12.77 64.71 11.08 67.15 curveto
9.39 69.58 8.07 71.92 8.07 71.92 curveto
8.43 81.68 lineto
2.19 83.4 lineto
-4.17 77.65 lineto
-4.17 77.65 -9.49 71.25 -11.58 67.91 curveto
-13.68 64.57 -29.42 37.79 -30.66 36.17 curveto
-31.9 34.55 -34.22 30.47 -35.72 29.31 curveto
-37.22 28.16 -41.41 23.02 -41.41 23.02 curveto
-41.41 23.02 -32.55 -7.4 -32.59 -8.96 curveto
-32.63 -10.52 -31.17 -10.93 -31.4 -15.99 curveto
-31.62 -21.04 -28.15 -25.56 -28.15 -25.56 curveto
-28.15 -25.56 -36.15 -31.62 -37.29 -32.88 curveto
-38.42 -34.14 -40.66 -35.1 -40.66 -35.1 curveto
-40.66 -35.1 -40.36 -52.49 -37.5 -59.18 curveto
-34.64 -65.88 -33.32 -68.22 -33.32 -68.22 curveto
-30.12 -71.58 lineto
-29.11 -75.71 lineto stroke
newpath 26.25 -4.35 moveto
25.15 -9.78 25.79 -15.65 30.69 -19.13 curveto
36.27 -21.98 34.28 -27.42 32.3 -32.04 curveto
31.3 -37.07 29.13 -41.54 25.35 -44.74 curveto
24.01 -49.98 17.52 -51.61 16.77 -57.48 curveto
12.45 -62.13 6.34 -64.91 0.08 -65.7 curveto
-4.63 -63.76 -6.72 -57.14 -13.02 -58.9 curveto
-18.74 -59.31 -19.5 -72.09 -25.71 -65.22 curveto
-29.62 -60.88 -29.86 -54.64 -31.87 -49.37 curveto
-33.72 -44.52 -34.99 -38.15 -29.98 -34.65 curveto
-26.25 -32.03 -20.9 -29.62 -20.39 -24.56 curveto
-23.09 -13.97 -26.71 -3.6 -28.75 7.12 curveto
-28.95 12.26 -29.35 17.37 -30.69 22.35 curveto
-32.13 24.82 -29.75 24.94 -27.87 25.37 curveto
-25.32 25.17 -26.08 27.65 -25.87 29.34 curveto
-22.23 34 -18 38.24 -15.16 43.55 curveto
-11.88 49.68 -8.44 55.78 -4.83 61.58 curveto
-3.3 62.64 -1.77 63.7 -0.24 64.77 curveto
5.22 63.59 6.6 56.94 9.52 52.86 curveto
9.98 51.83 10.43 50.8 10.86 49.75 curveto stroke
-1 THsetalpha
 0 0 0 0 setcmykcolor
newpath 7.77998 61.26997 moveto
7.58667 61.46329 7.58667 61.7767 7.77998 61.97002 curveto
7.9733 62.16333 8.28671 62.16333 8.48003 61.97002 curveto
8.67334 61.7767 8.67334 61.46329 8.48003 61.26997 curveto
8.28671 61.07666 7.9733 61.07666 7.77998 61.26997 curveto closepath fill
 0.6 0.6 0.6 setrgbcolor 0 0.24501 dtransform truncate idtransform setlinewidth pop
newpath 7.77998 61.26997 moveto
7.58667 61.46329 7.58667 61.7767 7.77998 61.97002 curveto
7.9733 62.16333 8.28671 62.16333 8.48003 61.97002 curveto
8.67334 61.7767 8.67334 61.46329 8.48003 61.26997 curveto
8.28671 61.07666 7.9733 61.07666 7.77998 61.26997 curveto closepath stroke
-1 THsetalpha
 0 0 0 0 setcmykcolor
newpath -3.70003 71.43997 moveto
-3.89334 71.63329 -3.89334 71.9467 -3.70003 72.14001 curveto
-3.50671 72.33333 -3.1933 72.33333 -2.99998 72.14001 curveto
-2.80667 71.9467 -2.80667 71.63329 -2.99998 71.43997 curveto
-3.1933 71.24666 -3.50671 71.24666 -3.70003 71.43997 curveto closepath fill
 0.6 0.6 0.6 setrgbcolor
newpath -3.70003 71.43997 moveto
-3.89334 71.63329 -3.89334 71.9467 -3.70003 72.14001 curveto
-3.50671 72.33333 -3.1933 72.33333 -2.99998 72.14001 curveto
-2.80667 71.9467 -2.80667 71.63329 -2.99998 71.43997 curveto
-3.1933 71.24666 -3.50671 71.24666 -3.70003 71.43997 curveto closepath stroke
-1 THsetalpha
 0 0 0 0 setcmykcolor
newpath -23.06003 39.87997 moveto
-23.25334 40.07329 -23.25334 40.3867 -23.06003 40.58002 curveto
-22.86671 40.77333 -22.5533 40.77333 -22.35999 40.58002 curveto
-22.16667 40.3867 -22.16667 40.07329 -22.35999 39.87997 curveto
-22.5533 39.68666 -22.86671 39.68666 -23.06003 39.87997 curveto closepath fill
 0.6 0.6 0.6 setrgbcolor
newpath -23.06003 39.87997 moveto
-23.25334 40.07329 -23.25334 40.3867 -23.06003 40.58002 curveto
-22.86671 40.77333 -22.5533 40.77333 -22.35999 40.58002 curveto
-22.16667 40.3867 -22.16667 40.07329 -22.35999 39.87997 curveto
-22.5533 39.68666 -22.86671 39.68666 -23.06003 39.87997 curveto closepath stroke
-1 THsetalpha
 0 0 0 0 setcmykcolor
newpath -39.09003 22.40997 moveto
-39.28334 22.60329 -39.28334 22.9167 -39.09003 23.11002 curveto
-38.89671 23.30333 -38.5833 23.30333 -38.38998 23.11002 curveto
-38.19667 22.9167 -38.19667 22.60329 -38.38998 22.40997 curveto
-38.5833 22.21666 -38.89671 22.21666 -39.09003 22.40997 curveto closepath fill
 0.6 0.6 0.6 setrgbcolor
newpath -39.09003 22.40997 moveto
-39.28334 22.60329 -39.28334 22.9167 -39.09003 23.11002 curveto
-38.89671 23.30333 -38.5833 23.30333 -38.38998 23.11002 curveto
-38.19667 22.9167 -38.19667 22.60329 -38.38998 22.40997 curveto
-38.5833 22.21666 -38.89671 22.21666 -39.09003 22.40997 curveto closepath stroke
-1 THsetalpha
 0 0 0 0 setcmykcolor
newpath -32.31003 5.15997 moveto
-32.50334 5.35329 -32.50334 5.6667 -32.31003 5.86002 curveto
-32.11671 6.05333 -31.8033 6.05333 -31.60999 5.86002 curveto
-31.41667 5.6667 -31.41667 5.35329 -31.60999 5.15997 curveto
-31.8033 4.96666 -32.11671 4.96666 -32.31003 5.15997 curveto closepath fill
 0.6 0.6 0.6 setrgbcolor
newpath -32.31003 5.15997 moveto
-32.50334 5.35329 -32.50334 5.6667 -32.31003 5.86002 curveto
-32.11671 6.05333 -31.8033 6.05333 -31.60999 5.86002 curveto
-31.41667 5.6667 -31.41667 5.35329 -31.60999 5.15997 curveto
-31.8033 4.96666 -32.11671 4.96666 -32.31003 5.15997 curveto closepath stroke
-1 THsetalpha
 0 0 0 0 setcmykcolor
newpath -24.69002 -26.64001 moveto
-24.88333 -26.4467 -24.88333 -26.13329 -24.69002 -25.93997 curveto
-24.4967 -25.74666 -24.18329 -25.74666 -23.98997 -25.93997 curveto
-23.79666 -26.13329 -23.79666 -26.4467 -23.98997 -26.64001 curveto
-24.18329 -26.83333 -24.4967 -26.83333 -24.69002 -26.64001 curveto closepath fill
 0.6 0.6 0.6 setrgbcolor
newpath -24.69002 -26.64001 moveto
-24.88333 -26.4467 -24.88333 -26.13329 -24.69002 -25.93997 curveto
-24.4967 -25.74666 -24.18329 -25.74666 -23.98997 -25.93997 curveto
-23.79666 -26.13329 -23.79666 -26.4467 -23.98997 -26.64001 curveto
-24.18329 -26.83333 -24.4967 -26.83333 -24.69002 -26.64001 curveto closepath stroke
-1 THsetalpha
 0 0 0 0 setcmykcolor
newpath -36.97002 -38.28001 moveto
-37.16333 -38.0867 -37.16333 -37.77328 -36.97002 -37.57997 curveto
-36.7767 -37.38666 -36.46329 -37.38666 -36.26997 -37.57997 curveto
-36.07666 -37.77328 -36.07666 -38.0867 -36.26997 -38.28001 curveto
-36.46329 -38.47333 -36.7767 -38.47333 -36.97002 -38.28001 curveto closepath fill
 0.6 0.6 0.6 setrgbcolor
newpath -36.97002 -38.28001 moveto
-37.16333 -38.0867 -37.16333 -37.77328 -36.97002 -37.57997 curveto
-36.7767 -37.38666 -36.46329 -37.38666 -36.26997 -37.57997 curveto
-36.07666 -37.77328 -36.07666 -38.0867 -36.26997 -38.28001 curveto
-36.46329 -38.47333 -36.7767 -38.47333 -36.97002 -38.28001 curveto closepath stroke
-1 THsetalpha
 0 0 0 0 setcmykcolor
newpath -31.67003 -64.41002 moveto
-31.86334 -64.2167 -31.86334 -63.90329 -31.67003 -63.70998 curveto
-31.47672 -63.51666 -31.1633 -63.51666 -30.96999 -63.70998 curveto
-30.77667 -63.90329 -30.77667 -64.2167 -30.96999 -64.41002 curveto
-31.1633 -64.60333 -31.47672 -64.60333 -31.67003 -64.41002 curveto closepath fill
 0.6 0.6 0.6 setrgbcolor
newpath -31.67003 -64.41002 moveto
-31.86334 -64.2167 -31.86334 -63.90329 -31.67003 -63.70998 curveto
-31.47672 -63.51666 -31.1633 -63.51666 -30.96999 -63.70998 curveto
-30.77667 -63.90329 -30.77667 -64.2167 -30.96999 -64.41002 curveto
-31.1633 -64.60333 -31.47672 -64.60333 -31.67003 -64.41002 curveto closepath stroke
-1 THsetalpha
 0 0 0 0 setcmykcolor
newpath -25.10002 -71.35002 moveto
-25.29333 -71.15671 -25.29333 -70.84329 -25.10002 -70.64998 curveto
-24.90671 -70.45667 -24.59329 -70.45667 -24.39998 -70.64998 curveto
-24.20667 -70.84329 -24.20667 -71.15671 -24.39998 -71.35002 curveto
-24.59329 -71.54333 -24.90671 -71.54333 -25.10002 -71.35002 curveto closepath fill
 0.6 0.6 0.6 setrgbcolor
newpath -25.10002 -71.35002 moveto
-25.29333 -71.15671 -25.29333 -70.84329 -25.10002 -70.64998 curveto
-24.90671 -70.45667 -24.59329 -70.45667 -24.39998 -70.64998 curveto
-24.20667 -70.84329 -24.20667 -71.15671 -24.39998 -71.35002 curveto
-24.59329 -71.54333 -24.90671 -71.54333 -25.10002 -71.35002 curveto closepath stroke
-1 THsetalpha
 0 0 0 0 setcmykcolor
newpath -19.61002 -70.08002 moveto
-19.80333 -69.8867 -19.80333 -69.57329 -19.61002 -69.37997 curveto
-19.4167 -69.18666 -19.10329 -69.18666 -18.90997 -69.37997 curveto
-18.71666 -69.57329 -18.71666 -69.8867 -18.90997 -70.08002 curveto
-19.10329 -70.27333 -19.4167 -70.27333 -19.61002 -70.08002 curveto closepath fill
 0.6 0.6 0.6 setrgbcolor
newpath -19.61002 -70.08002 moveto
-19.80333 -69.8867 -19.80333 -69.57329 -19.61002 -69.37997 curveto
-19.4167 -69.18666 -19.10329 -69.18666 -18.90997 -69.37997 curveto
-18.71666 -69.57329 -18.71666 -69.8867 -18.90997 -70.08002 curveto
-19.10329 -70.27333 -19.4167 -70.27333 -19.61002 -70.08002 curveto closepath stroke
-1 THsetalpha
 0 0 0 0 setcmykcolor
newpath -14.29002 -62.89001 moveto
-14.48334 -62.6967 -14.48334 -62.38329 -14.29002 -62.18997 curveto
-14.09671 -61.99666 -13.7833 -61.99666 -13.58998 -62.18997 curveto
-13.39667 -62.38329 -13.39667 -62.6967 -13.58998 -62.89001 curveto
-13.7833 -63.08333 -14.09671 -63.08333 -14.29002 -62.89001 curveto closepath fill
 0.6 0.6 0.6 setrgbcolor
newpath -14.29002 -62.89001 moveto
-14.48334 -62.6967 -14.48334 -62.38329 -14.29002 -62.18997 curveto
-14.09671 -61.99666 -13.7833 -61.99666 -13.58998 -62.18997 curveto
-13.39667 -62.38329 -13.39667 -62.6967 -13.58998 -62.89001 curveto
-13.7833 -63.08333 -14.09671 -63.08333 -14.29002 -62.89001 curveto closepath stroke
-1 THsetalpha
 0 0 0 0 setcmykcolor
newpath -1.83002 -69.66002 moveto
-2.02333 -69.4667 -2.02333 -69.15329 -1.83002 -68.95998 curveto
-1.6367 -68.76666 -1.32329 -68.76666 -1.12997 -68.95998 curveto
-0.93666 -69.15329 -0.93666 -69.4667 -1.12997 -69.66002 curveto
-1.32329 -69.85333 -1.6367 -69.85333 -1.83002 -69.66002 curveto closepath fill
 0.6 0.6 0.6 setrgbcolor
newpath -1.83002 -69.66002 moveto
-2.02333 -69.4667 -2.02333 -69.15329 -1.83002 -68.95998 curveto
-1.6367 -68.76666 -1.32329 -68.76666 -1.12997 -68.95998 curveto
-0.93666 -69.15329 -0.93666 -69.4667 -1.12997 -69.66002 curveto
-1.32329 -69.85333 -1.6367 -69.85333 -1.83002 -69.66002 curveto closepath stroke
-1 THsetalpha
 0 0 0 0 setcmykcolor
newpath 16.03998 -63.70003 moveto
15.84666 -63.50671 15.84666 -63.1933 16.03998 -62.99998 curveto
16.23329 -62.80667 16.5467 -62.80667 16.74002 -62.99998 curveto
16.93333 -63.1933 16.93333 -63.50671 16.74002 -63.70003 curveto
16.5467 -63.89334 16.23329 -63.89334 16.03998 -63.70003 curveto closepath fill
 0.6 0.6 0.6 setrgbcolor
newpath 16.03998 -63.70003 moveto
15.84666 -63.50671 15.84666 -63.1933 16.03998 -62.99998 curveto
16.23329 -62.80667 16.5467 -62.80667 16.74002 -62.99998 curveto
16.93333 -63.1933 16.93333 -63.50671 16.74002 -63.70003 curveto
16.5467 -63.89334 16.23329 -63.89334 16.03998 -63.70003 curveto closepath stroke
-1 THsetalpha
 0 0 0 0 setcmykcolor
newpath 20.43997 -55.91002 moveto
20.24666 -55.7167 20.24666 -55.40329 20.43997 -55.20998 curveto
20.63329 -55.01666 20.9467 -55.01666 21.14001 -55.20998 curveto
21.33333 -55.40329 21.33333 -55.7167 21.14001 -55.91002 curveto
20.9467 -56.10333 20.63329 -56.10333 20.43997 -55.91002 curveto closepath fill
 0.6 0.6 0.6 setrgbcolor
newpath 20.43997 -55.91002 moveto
20.24666 -55.7167 20.24666 -55.40329 20.43997 -55.20998 curveto
20.63329 -55.01666 20.9467 -55.01666 21.14001 -55.20998 curveto
21.33333 -55.40329 21.33333 -55.7167 21.14001 -55.91002 curveto
20.9467 -56.10333 20.63329 -56.10333 20.43997 -55.91002 curveto closepath stroke
-1 THsetalpha
 0 0 0 0 setcmykcolor
newpath 34.03998 -42.10002 moveto
33.84666 -41.90671 33.84666 -41.59329 34.03998 -41.39998 curveto
34.23329 -41.20667 34.5467 -41.20667 34.74002 -41.39998 curveto
34.93333 -41.59329 34.93333 -41.90671 34.74002 -42.10002 curveto
34.5467 -42.29333 34.23329 -42.29333 34.03998 -42.10002 curveto closepath fill
 0.6 0.6 0.6 setrgbcolor
newpath 34.03998 -42.10002 moveto
33.84666 -41.90671 33.84666 -41.59329 34.03998 -41.39998 curveto
34.23329 -41.20667 34.5467 -41.20667 34.74002 -41.39998 curveto
34.93333 -41.59329 34.93333 -41.90671 34.74002 -42.10002 curveto
34.5467 -42.29333 34.23329 -42.29333 34.03998 -42.10002 curveto closepath stroke
-1 THsetalpha
 0 0 0 0 setcmykcolor
newpath 39.16998 -25.86002 moveto
38.97667 -25.6667 38.97667 -25.35329 39.16998 -25.15997 curveto
39.3633 -24.96666 39.67671 -24.96666 39.87003 -25.15997 curveto
40.06334 -25.35329 40.06334 -25.6667 39.87003 -25.86002 curveto
39.67671 -26.05333 39.3633 -26.05333 39.16998 -25.86002 curveto closepath fill
 0.6 0.6 0.6 setrgbcolor
newpath 39.16998 -25.86002 moveto
38.97667 -25.6667 38.97667 -25.35329 39.16998 -25.15997 curveto
39.3633 -24.96666 39.67671 -24.96666 39.87003 -25.15997 curveto
40.06334 -25.35329 40.06334 -25.6667 39.87003 -25.86002 curveto
39.67671 -26.05333 39.3633 -26.05333 39.16998 -25.86002 curveto closepath stroke
-1 THsetalpha
 0 0 0 0 setcmykcolor
newpath 29.00998 -17.17003 moveto
28.81667 -16.97672 28.81667 -16.6633 29.00998 -16.46999 curveto
29.2033 -16.27667 29.51671 -16.27667 29.71002 -16.46999 curveto
29.90334 -16.6633 29.90334 -16.97672 29.71002 -17.17003 curveto
29.51671 -17.36334 29.2033 -17.36334 29.00998 -17.17003 curveto closepath fill
 0.6 0.6 0.6 setrgbcolor
newpath 29.00998 -17.17003 moveto
28.81667 -16.97672 28.81667 -16.6633 29.00998 -16.46999 curveto
29.2033 -16.27667 29.51671 -16.27667 29.71002 -16.46999 curveto
29.90334 -16.6633 29.90334 -16.97672 29.71002 -17.17003 curveto
29.51671 -17.36334 29.2033 -17.36334 29.00998 -17.17003 curveto closepath stroke
showpage
%%EOF
