%!PS
%%BoundingBox: -230 -164 117 175 
%%HiResBoundingBox: -229.43251 -163.46251 116.62251 174.71704 
%%Creator: MetaPost 2.01
%%CreationDate: 2023.02.28:1206
%%Pages: 1
%%BeginProlog
%%EndProlog
%%Page: 1 1
 0 0.24501 dtransform truncate idtransform setlinewidth pop [] 0 setdash
 1 setlinecap 1 setlinejoin 10 setmiterlimit
newpath -161.92 -163.34 moveto
-161.92 -163.34 -153.38 -154.8 -152.15 -153.19 curveto
-150.91 -151.57 -144.27 -152.83 -144.97 -148.32 curveto
-145.68 -143.82 -145.66 -139.51 -145.47 -136.03 curveto
-145.29 -132.56 -143.94 -116.47 -143.94 -116.47 curveto
-145.86 -109.28 lineto
-145.86 -109.28 -147.57 -101.36 -147.68 -98.98 curveto
-147.8 -96.6 -138.56 -69.4 -138.1 -66.39 curveto
-137.64 -63.39 -111.13 -41.34 -111.13 -41.34 curveto
-97.22 -37.34 lineto
-88.38 -31.92 lineto
-80.73 -33.68 lineto
-80.73 -33.68 -72.03 -37.62 -68.23 -36.69 curveto
-64.42 -35.75 -60.51 -28.88 -57.23 -30.27 curveto
-54.02 -31.64 -47.33 -31.52 -47.33 -31.52 curveto
-39.98 -32.03 lineto
-26.35 -18.21 lineto
-26.35 -18.21 -25.69 -11.76 -25.91 -9.75 curveto
-26.13 -7.73 -11.32 14.43 -11.32 14.43 curveto
-11.32 14.43 -6.84 17.89 -7.29 21.94 curveto
-7.73 25.97 -8.98 34.15 -7.55 36.49 curveto
-6.11 38.83 4.98 43.59 4.98 43.59 curveto
9.91 50.06 lineto
9.91 50.06 6.63 53.72 7.75 57.72 curveto
8.87 61.72 21.8 80.09 22.77 82.17 curveto
23.74 84.26 32.5 95.94 36.12 94.94 curveto
39.75 93.93 43.41 108.6 44.22 111.51 curveto
45.02 114.43 44.03 115.09 45.56 120.55 curveto
47.08 126 55.24 145.7 56.46 147.33 curveto
57.68 148.96 71.22 154.61 74.56 156.78 curveto
77.92 158.97 79.9 163.08 85.13 162.83 curveto
90.17 162.58 98.99 164.87 102.65 163.85 curveto
106.32 162.82 116.5 161.37 116.5 161.37 curveto stroke
newpath 112.76 173.45 moveto
112.76 173.45 84.97 174.86 83.25 174.55 curveto
82.17 174.36 72.78 170.86 70.96 171.03 curveto
69.88 171.13 69.11 173.32 69.11 173.32 curveto stroke
newpath 59.62 170.14 moveto
59.62 170.14 59.84 168.21 58.94 166.36 curveto
58.05 164.52 57.41 165.19 55.54 164.04 curveto
53.69 162.9 51.65 161.31 49.65 161.05 curveto
47.64 160.79 45.8 159.71 45.41 158.23 curveto
45.03 156.75 31.08 123.39 31.08 123.39 curveto
31.08 123.39 24.88 105.1 24.01 103.39 curveto
23.14 101.67 13.9 89.74 11.93 88.32 curveto
9.97 86.91 0.49 73.84 0.49 73.84 curveto
0.49 73.84 0.47 69.54 0.69 67.52 curveto
0.91 65.5 -4.63 54.1 -4.63 54.1 curveto
-9.37 51.11 lineto
-9.37 51.11 -12.19 47.96 -12.96 46.61 curveto
-13.72 45.25 -16.78 37.1 -16.78 37.1 curveto
-20.23 22.87 lineto stroke
newpath -19.68 22.96 moveto
-27.34 9.97 lineto
-27.34 9.97 -35.63 3.59 -37.23 2.08 curveto
-38.84 0.57 -39.57 0.79 -39.81 -1.5 curveto
-40.04 -3.79 -41.16 -7.77 -41.16 -7.77 curveto
-41.16 -7.77 -48.1 -9.59 -48.62 -12.9 curveto
-49.14 -16.21 -48.08 -19.75 -50.2 -20.23 curveto
-52.31 -20.7 -54.53 -21.77 -57.11 -19.21 curveto stroke
newpath -75.22 -15.69 moveto
-75.8 -17 -77.63 -17.41 -78.09 -16.53 curveto
-78.88 -15.03 -78.89 -12.65 -79.76 -12.9 curveto
-81.11 -13.28 -82.25 -11.51 -82.86 -12.91 curveto
-83.47 -14.3 -85.31 -15.19 -85.31 -15.19 curveto
-93.15 -16.91 lineto
-95.61 -11.12 lineto
-98.95 -10.05 lineto stroke
newpath -106.9 -13.85 moveto
-106.9 -13.85 -108.7 -25.14 -111.39 -27.93 curveto
-114.09 -30.71 -132.44 -46 -134.03 -47.52 curveto
-135.62 -49.04 -135.82 -49.77 -140.17 -51.31 curveto stroke
newpath -140.17 -51.31 moveto
-144.54 -52.84 -148.77 -52.44 -150.37 -53.95 curveto
-151.97 -55.47 -157.97 -69.87 -160.57 -70.71 curveto
-163.16 -71.55 -164.18 -75.19 -167.99 -73.35 curveto
-171.8 -71.5 -172.65 -68.91 -176.23 -69.09 curveto
-179.82 -69.27 -178.52 -68.84 -182.35 -71.31 curveto
-186.18 -73.77 -188.85 -70.67 -188.51 -75.08 curveto
-188.16 -79.49 -185.05 -79.57 -187.58 -81.61 curveto
-190.11 -83.65 -208.16 -93.53 -208.16 -93.53 curveto
-208.16 -93.53 -210.32 -95.67 -213.17 -96.05 curveto
-216.02 -96.43 -229.31 -96.26 -229.31 -96.26 curveto stroke
newpath -224.62 -106.19 moveto
-224.62 -106.19 -187.79 -96.45 -186.35 -94.11 curveto
-184.91 -91.76 -178.1 -84.25 -175.41 -83.04 curveto
-172.72 -81.83 -159.03 -75.06 -159.03 -75.06 curveto
-159.03 -75.06 -149.93 -65.05 -148.35 -67.85 curveto
-146.77 -70.64 -148.78 -76.34 -150.53 -79.78 curveto
-152.28 -83.21 -160.69 -94.98 -160.71 -99.28 curveto
-160.74 -103.58 -158.21 -108.59 -158.21 -108.59 curveto
-158.21 -108.59 -156.6 -109.83 -158.28 -114.45 curveto
-159.96 -119.08 -164.9 -125.55 -165.67 -126.9 curveto
-166.44 -128.25 -167.66 -132.62 -167.66 -132.62 curveto
-167.66 -132.62 -168.77 -136.62 -171.46 -137.83 curveto
-174.15 -139.04 -175.37 -143.41 -175.37 -143.41 curveto
-181.66 -149.99 lineto stroke
newpath -177.63 -152.97 moveto
-171.54 -140.94 lineto
-163.05 -131.55 lineto
-156.55 -125.12 lineto
-150.86 -114.56 lineto
-150.86 -114.56 -152.3 -116.9 -151.75 -120.58 curveto
-151.21 -124.25 -150.3 -128.03 -151.42 -132.03 curveto
-152.53 -136.04 -153.56 -136.92 -153.71 -138.84 curveto
-153.85 -140.76 -150.67 -142.04 -152.78 -145.37 curveto
-154.88 -148.71 -162.75 -158.67 -162.75 -158.67 curveto
-165.8 -162.49 lineto stroke
showpage
%%EOF
