%!PS
%%BoundingBox: -126 -91 127 90 
%%HiResBoundingBox: -125.2387 -90.9075 126.77751 89.67381 
%%Creator: MetaPost 2.01
%%CreationDate: 2023.02.28:1206
%%Pages: 1
%%BeginProlog
%%EndProlog
%%Page: 1 1
 0 0 0 1 setcmykcolor 0 0.7 dtransform truncate idtransform setlinewidth pop
 [] 0 setdash 1 setlinecap 1 setlinejoin 10 setmiterlimit
newpath -85.32 12.68 moveto
-86.2 12.04 -87.19 11.6 -88.05 11.86 curveto
-89.84 12.4 -90.68 15.82 -90.36 16.98 curveto
-90.04 18.14 -89.15 23.14 -89.09 25.12 curveto
-89.04 27.11 -92.38 33.03 -92.23 34.49 curveto
-92.07 35.94 -92.56 39.57 -92.28 41.49 curveto
-92 43.41 -91.67 47.31 -91.95 49.89 curveto
-92.24 52.46 -95.47 51.61 -94.47 60.58 curveto
-93.48 69.53 -90.51 77.97 -90.2 86.83 curveto
-90.17 87.52 -89.83 88.46 -90.38 88.88 curveto
-92.14 90.22 -95.82 88.14 -96.94 87.7 curveto
-98.06 87.26 -99.77 87.89 -100.63 86.97 curveto
-101.85 85.68 -101.28 83.46 -101.34 81.69 curveto
-101.49 77.71 -100.31 71.93 -100.65 69.78 curveto
-101 67.63 -100.75 65.16 -101.53 63.03 curveto
-101.99 61.77 -103.59 60.99 -103.71 59.65 curveto
-104.01 56.3 -99.96 51.61 -99.82 50.33 curveto
-99.68 49.04 -95.37 34.86 -95.46 33.64 curveto
-95.55 32.41 -94.07 26.33 -96.56 26.23 curveto
-97.93 26.17 -97.08 28.15 -97.49 30.24 curveto
-97.9 32.34 -101.62 36.74 -104.04 38.01 curveto
-106.46 39.28 -117.15 37.11 -121.02 36.01 curveto
-124.89 34.92 -126.24 32.92 -123.29 30.71 curveto
-120.35 28.5 -116.25 24 -116.25 24 curveto
-116.25 24 -111.07 24.13 -110.37 20.97 curveto
-109.66 17.8 -109.45 17.15 -108.48 17.07 curveto
-107.51 17 -106.19 19.6 -104.76 21.18 curveto
-103.33 22.76 -100.63 21.13 -99.48 19.7 curveto
-98.6 18.6 -99.01 16.39 -99.26 15.46 curveto
-99.52 14.53 -102.14 13.27 -102.58 11.64 curveto
-103.5 8.28 -100.48 4.84 -100.69 1.38 curveto
-100.81 -0.7 -102.66 -3.06 -102.58 -4.58 curveto
-102.5 -6.1 -100.79 -9.18 -99.99 -11.52 curveto
-97.32 -19.36 -90.74 -31.09 -90.74 -31.09 curveto stroke
newpath -80.54 -30.25 moveto
-80.54 -30.25 -81.85 -26.06 -84.69 -21.36 curveto
-87.47 -16.76 -91.61 -11.57 -91.61 -11.08 curveto
-91.59 -10.09 -91.47 -5.91 -91.45 -4.92 curveto
-91.43 -3.93 -91.54 1.09 -91.22 2.24 curveto
-90.9 3.4 -90.55 5.03 -89.47 4.96 curveto
-87.94 4.87 -87.96 3.26 -87.41 0.86 curveto stroke
newpath -102.89 27.19 moveto
-102.89 27.19 -104.06 25.14 -105.7 24.22 curveto
-107.34 23.29 -110.82 26.44 -111.33 28.17 curveto
-111.84 29.89 -113.89 31.06 -114.47 31.81 curveto
-115.06 32.57 -108.3 32.66 -105.26 32.21 curveto
-102.22 31.76 -102.89 27.19 -102.89 27.19 curveto closepath stroke
newpath -95.67487 -5.17172 moveto
-94.78963 -5.1882 lineto
-94.09128 -5.73248 lineto
-94.36902 -4.00043 lineto
 closepath fill
 1 1 1 setrgbcolor
newpath -95.67487 -5.17172 moveto
-94.78963 -5.1882 lineto
-94.09128 -5.73248 lineto
-94.93246 -8.10794 lineto
-96.51605 -7.54718 lineto
 closepath fill
 0 0 0 1 setcmykcolor 0 0.24501 dtransform truncate idtransform setlinewidth pop
newpath -95.72426 -7.82756 moveto
-94.71953 -4.99026 lineto stroke
newpath -92.563 -17.91751 moveto
-91.67969 -17.85678 lineto
-90.93657 -18.33813 lineto
-91.3642 -16.63686 lineto
 closepath fill
 1 1 1 setrgbcolor
newpath -92.563 -17.91751 moveto
-91.67969 -17.85678 lineto
-90.93657 -18.33813 lineto
-91.56752 -20.77788 lineto
-93.19395 -20.35725 lineto
 closepath fill
 0 0 0 1 setcmykcolor
newpath -92.38074 -20.56757 moveto
-91.6271 -17.65347 lineto stroke
 0 0.35 dtransform truncate idtransform setlinewidth pop
newpath -89.79 -0.7 moveto
-72.61 -4.15 lineto
-73.64 -10.14 lineto stroke
newpath -72.65352 -8.53395 moveto
-73.64 -10.14 lineto
-74.03334 -8.29668 lineto stroke
-1 THsetalpha
 0 0 0 0 setcmykcolor
newpath 106.42998 -54.28001 moveto
106.23666 -54.0867 106.23666 -53.77328 106.42998 -53.57997 curveto
106.62329 -53.38666 106.9367 -53.38666 107.13002 -53.57997 curveto
107.32333 -53.77328 107.32333 -54.0867 107.13002 -54.28001 curveto
106.9367 -54.47333 106.62329 -54.47333 106.42998 -54.28001 curveto closepath fill
 0.6 0.6 0.6 setrgbcolor 0 0.24501 dtransform truncate idtransform setlinewidth pop
newpath 106.42998 -54.28001 moveto
106.23666 -54.0867 106.23666 -53.77328 106.42998 -53.57997 curveto
106.62329 -53.38666 106.9367 -53.38666 107.13002 -53.57997 curveto
107.32333 -53.77328 107.32333 -54.0867 107.13002 -54.28001 curveto
106.9367 -54.47333 106.62329 -54.47333 106.42998 -54.28001 curveto closepath stroke
-1 THsetalpha
 0 0 0 0 setcmykcolor
newpath 120.52998 -72.67003 moveto
120.33667 -72.47672 120.33667 -72.1633 120.52998 -71.96999 curveto
120.7233 -71.77667 121.03671 -71.77667 121.23003 -71.96999 curveto
121.42334 -72.1633 121.42334 -72.47672 121.23003 -72.67003 curveto
121.03671 -72.86334 120.7233 -72.86334 120.52998 -72.67003 curveto closepath fill
 0.6 0.6 0.6 setrgbcolor
newpath 120.52998 -72.67003 moveto
120.33667 -72.47672 120.33667 -72.1633 120.52998 -71.96999 curveto
120.7233 -71.77667 121.03671 -71.77667 121.23003 -71.96999 curveto
121.42334 -72.1633 121.42334 -72.47672 121.23003 -72.67003 curveto
121.03671 -72.86334 120.7233 -72.86334 120.52998 -72.67003 curveto closepath stroke
-1 THsetalpha
 0 0 0 0 setcmykcolor
newpath 125.80998 -70.70003 moveto
125.61667 -70.50671 125.61667 -70.1933 125.80998 -69.99998 curveto
126.0033 -69.80667 126.31671 -69.80667 126.51003 -69.99998 curveto
126.70334 -70.1933 126.70334 -70.50671 126.51003 -70.70003 curveto
126.31671 -70.89334 126.0033 -70.89334 125.80998 -70.70003 curveto closepath fill
 0.6 0.6 0.6 setrgbcolor
newpath 125.80998 -70.70003 moveto
125.61667 -70.50671 125.61667 -70.1933 125.80998 -69.99998 curveto
126.0033 -69.80667 126.31671 -69.80667 126.51003 -69.99998 curveto
126.70334 -70.1933 126.70334 -70.50671 126.51003 -70.70003 curveto
126.31671 -70.89334 126.0033 -70.89334 125.80998 -70.70003 curveto closepath stroke
-1 THsetalpha
 0 0 0 0 setcmykcolor
newpath 120.26997 -90.64001 moveto
120.07666 -90.4467 120.07666 -90.13329 120.26997 -89.93997 curveto
120.46329 -89.74666 120.7767 -89.74666 120.97002 -89.93997 curveto
121.16333 -90.13329 121.16333 -90.4467 120.97002 -90.64001 curveto
120.7767 -90.83333 120.46329 -90.83333 120.26997 -90.64001 curveto closepath fill
 0.6 0.6 0.6 setrgbcolor
newpath 120.26997 -90.64001 moveto
120.07666 -90.4467 120.07666 -90.13329 120.26997 -89.93997 curveto
120.46329 -89.74666 120.7767 -89.74666 120.97002 -89.93997 curveto
121.16333 -90.13329 121.16333 -90.4467 120.97002 -90.64001 curveto
120.7767 -90.83333 120.46329 -90.83333 120.26997 -90.64001 curveto closepath stroke
-1 THsetalpha
 0 0 0 0 setcmykcolor
newpath -82.21002 -45.37003 moveto
-82.40334 -45.17671 -82.40334 -44.8633 -82.21002 -44.66998 curveto
-82.01671 -44.47667 -81.7033 -44.47667 -81.50998 -44.66998 curveto
-81.31667 -44.8633 -81.31667 -45.17671 -81.50998 -45.37003 curveto
-81.7033 -45.56334 -82.01671 -45.56334 -82.21002 -45.37003 curveto closepath fill
 0.6 0.6 0.6 setrgbcolor
newpath -82.21002 -45.37003 moveto
-82.40334 -45.17671 -82.40334 -44.8633 -82.21002 -44.66998 curveto
-82.01671 -44.47667 -81.7033 -44.47667 -81.50998 -44.66998 curveto
-81.31667 -44.8633 -81.31667 -45.17671 -81.50998 -45.37003 curveto
-81.7033 -45.56334 -82.01671 -45.56334 -82.21002 -45.37003 curveto closepath stroke
-1 THsetalpha
 0 0 0 0 setcmykcolor
newpath -98.06003 83.86998 moveto
-98.25334 84.0633 -98.25334 84.37671 -98.06003 84.57002 curveto
-97.86671 84.76334 -97.5533 84.76334 -97.35999 84.57002 curveto
-97.16667 84.37671 -97.16667 84.0633 -97.35999 83.86998 curveto
-97.5533 83.67667 -97.86671 83.67667 -98.06003 83.86998 curveto closepath fill
 0.6 0.6 0.6 setrgbcolor
newpath -98.06003 83.86998 moveto
-98.25334 84.0633 -98.25334 84.37671 -98.06003 84.57002 curveto
-97.86671 84.76334 -97.5533 84.76334 -97.35999 84.57002 curveto
-97.16667 84.37671 -97.16667 84.0633 -97.35999 83.86998 curveto
-97.5533 83.67667 -97.86671 83.67667 -98.06003 83.86998 curveto closepath stroke
-1 THsetalpha
 0 0 0 0 setcmykcolor
newpath -96.82002 74.35999 moveto
-97.01334 74.5533 -97.01334 74.86671 -96.82002 75.06003 curveto
-96.62671 75.25334 -96.3133 75.25334 -96.11998 75.06003 curveto
-95.92667 74.86671 -95.92667 74.5533 -96.11998 74.35999 curveto
-96.3133 74.16667 -96.62671 74.16667 -96.82002 74.35999 curveto closepath fill
 0.6 0.6 0.6 setrgbcolor
newpath -96.82002 74.35999 moveto
-97.01334 74.5533 -97.01334 74.86671 -96.82002 75.06003 curveto
-96.62671 75.25334 -96.3133 75.25334 -96.11998 75.06003 curveto
-95.92667 74.86671 -95.92667 74.5533 -96.11998 74.35999 curveto
-96.3133 74.16667 -96.62671 74.16667 -96.82002 74.35999 curveto closepath stroke
-1 THsetalpha
 0 0 0 0 setcmykcolor
newpath -97.52002 47.87997 moveto
-97.71333 48.07329 -97.71333 48.3867 -97.52002 48.58002 curveto
-97.3267 48.77333 -97.01329 48.77333 -96.81998 48.58002 curveto
-96.62666 48.3867 -96.62666 48.07329 -96.81998 47.87997 curveto
-97.01329 47.68666 -97.3267 47.68666 -97.52002 47.87997 curveto closepath fill
 0.6 0.6 0.6 setrgbcolor
newpath -97.52002 47.87997 moveto
-97.71333 48.07329 -97.71333 48.3867 -97.52002 48.58002 curveto
-97.3267 48.77333 -97.01329 48.77333 -96.81998 48.58002 curveto
-96.62666 48.3867 -96.62666 48.07329 -96.81998 47.87997 curveto
-97.01329 47.68666 -97.3267 47.68666 -97.52002 47.87997 curveto closepath stroke
-1 THsetalpha
 0 0 0 0 setcmykcolor
newpath -92.78001 19.42998 moveto
-92.97333 19.62329 -92.97333 19.9367 -92.78001 20.13002 curveto
-92.5867 20.32333 -92.27328 20.32333 -92.07997 20.13002 curveto
-91.88666 19.9367 -91.88666 19.62329 -92.07997 19.42998 curveto
-92.27328 19.23666 -92.5867 19.23666 -92.78001 19.42998 curveto closepath fill
 0.6 0.6 0.6 setrgbcolor
newpath -92.78001 19.42998 moveto
-92.97333 19.62329 -92.97333 19.9367 -92.78001 20.13002 curveto
-92.5867 20.32333 -92.27328 20.32333 -92.07997 20.13002 curveto
-91.88666 19.9367 -91.88666 19.62329 -92.07997 19.42998 curveto
-92.27328 19.23666 -92.5867 19.23666 -92.78001 19.42998 curveto closepath stroke
-1 THsetalpha
 0 0 0 0 setcmykcolor
newpath -93.86002 12.21999 moveto
-94.05333 12.4133 -94.05333 12.72672 -93.86002 12.92003 curveto
-93.6667 13.11334 -93.35329 13.11334 -93.15997 12.92003 curveto
-92.96666 12.72672 -92.96666 12.4133 -93.15997 12.21999 curveto
-93.35329 12.02667 -93.6667 12.02667 -93.86002 12.21999 curveto closepath fill
 0.6 0.6 0.6 setrgbcolor
newpath -93.86002 12.21999 moveto
-94.05333 12.4133 -94.05333 12.72672 -93.86002 12.92003 curveto
-93.6667 13.11334 -93.35329 13.11334 -93.15997 12.92003 curveto
-92.96666 12.72672 -92.96666 12.4133 -93.15997 12.21999 curveto
-93.35329 12.02667 -93.6667 12.02667 -93.86002 12.21999 curveto closepath stroke
-1 THsetalpha
 0 0 0 0 setcmykcolor
newpath -99.67003 4.91998 moveto
-99.86334 5.1133 -99.86334 5.42671 -99.67003 5.62003 curveto
-99.47672 5.81334 -99.1633 5.81334 -98.96999 5.62003 curveto
-98.77667 5.42671 -98.77667 5.1133 -98.96999 4.91998 curveto
-99.1633 4.72667 -99.47672 4.72667 -99.67003 4.91998 curveto closepath fill
 0.6 0.6 0.6 setrgbcolor
newpath -99.67003 4.91998 moveto
-99.86334 5.1133 -99.86334 5.42671 -99.67003 5.62003 curveto
-99.47672 5.81334 -99.1633 5.81334 -98.96999 5.62003 curveto
-98.77667 5.42671 -98.77667 5.1133 -98.96999 4.91998 curveto
-99.1633 4.72667 -99.47672 4.72667 -99.67003 4.91998 curveto closepath stroke
-1 THsetalpha
 0 0 0 0 setcmykcolor
newpath -82.94002 1.56998 moveto
-83.13333 1.76329 -83.13333 2.0767 -82.94002 2.27002 curveto
-82.7467 2.46333 -82.43329 2.46333 -82.23997 2.27002 curveto
-82.04666 2.0767 -82.04666 1.76329 -82.23997 1.56998 curveto
-82.43329 1.37666 -82.7467 1.37666 -82.94002 1.56998 curveto closepath fill
 0.6 0.6 0.6 setrgbcolor
newpath -82.94002 1.56998 moveto
-83.13333 1.76329 -83.13333 2.0767 -82.94002 2.27002 curveto
-82.7467 2.46333 -82.43329 2.46333 -82.23997 2.27002 curveto
-82.04666 2.0767 -82.04666 1.76329 -82.23997 1.56998 curveto
-82.43329 1.37666 -82.7467 1.37666 -82.94002 1.56998 curveto closepath stroke
-1 THsetalpha
 0 0 0 0 setcmykcolor
newpath -91.09003 5.29997 moveto
-91.28334 5.49329 -91.28334 5.8067 -91.09003 6.00002 curveto
-90.89671 6.19333 -90.5833 6.19333 -90.38998 6.00002 curveto
-90.19667 5.8067 -90.19667 5.49329 -90.38998 5.29997 curveto
-90.5833 5.10666 -90.89671 5.10666 -91.09003 5.29997 curveto closepath fill
 0.6 0.6 0.6 setrgbcolor
newpath -91.09003 5.29997 moveto
-91.28334 5.49329 -91.28334 5.8067 -91.09003 6.00002 curveto
-90.89671 6.19333 -90.5833 6.19333 -90.38998 6.00002 curveto
-90.19667 5.8067 -90.19667 5.49329 -90.38998 5.29997 curveto
-90.5833 5.10666 -90.89671 5.10666 -91.09003 5.29997 curveto closepath stroke
-1 THsetalpha
 0 0 0 0 setcmykcolor
newpath -90.64001 6.42998 moveto
-90.83333 6.62329 -90.83333 6.9367 -90.64001 7.13002 curveto
-90.4467 7.32333 -90.13329 7.32333 -89.93997 7.13002 curveto
-89.74666 6.9367 -89.74666 6.62329 -89.93997 6.42998 curveto
-90.13329 6.23666 -90.4467 6.23666 -90.64001 6.42998 curveto closepath fill
 0.6 0.6 0.6 setrgbcolor
newpath -90.64001 6.42998 moveto
-90.83333 6.62329 -90.83333 6.9367 -90.64001 7.13002 curveto
-90.4467 7.32333 -90.13329 7.32333 -89.93997 7.13002 curveto
-89.74666 6.9367 -89.74666 6.62329 -89.93997 6.42998 curveto
-90.13329 6.23666 -90.4467 6.23666 -90.64001 6.42998 curveto closepath stroke
-1 THsetalpha
 0 0 0 0 setcmykcolor
newpath -100.02002 -6.24002 moveto
-100.21333 -6.0467 -100.21333 -5.73329 -100.02002 -5.53998 curveto
-99.8267 -5.34666 -99.51329 -5.34666 -99.31998 -5.53998 curveto
-99.12666 -5.73329 -99.12666 -6.0467 -99.31998 -6.24002 curveto
-99.51329 -6.43333 -99.8267 -6.43333 -100.02002 -6.24002 curveto closepath fill
 0.6 0.6 0.6 setrgbcolor
newpath -100.02002 -6.24002 moveto
-100.21333 -6.0467 -100.21333 -5.73329 -100.02002 -5.53998 curveto
-99.8267 -5.34666 -99.51329 -5.34666 -99.31998 -5.53998 curveto
-99.12666 -5.73329 -99.12666 -6.0467 -99.31998 -6.24002 curveto
-99.51329 -6.43333 -99.8267 -6.43333 -100.02002 -6.24002 curveto closepath stroke
-1 THsetalpha
 0 0 0 0 setcmykcolor
newpath -98.06003 83.86998 moveto
-98.25334 84.0633 -98.25334 84.37671 -98.06003 84.57002 curveto
-97.86671 84.76334 -97.5533 84.76334 -97.35999 84.57002 curveto
-97.16667 84.37671 -97.16667 84.0633 -97.35999 83.86998 curveto
-97.5533 83.67667 -97.86671 83.67667 -98.06003 83.86998 curveto closepath fill
 0.6 0.6 0.6 setrgbcolor
newpath -98.06003 83.86998 moveto
-98.25334 84.0633 -98.25334 84.37671 -98.06003 84.57002 curveto
-97.86671 84.76334 -97.5533 84.76334 -97.35999 84.57002 curveto
-97.16667 84.37671 -97.16667 84.0633 -97.35999 83.86998 curveto
-97.5533 83.67667 -97.86671 83.67667 -98.06003 83.86998 curveto closepath stroke
-1 THsetalpha
 0 0 0 0 setcmykcolor
newpath -96.82002 74.35999 moveto
-97.01334 74.5533 -97.01334 74.86671 -96.82002 75.06003 curveto
-96.62671 75.25334 -96.3133 75.25334 -96.11998 75.06003 curveto
-95.92667 74.86671 -95.92667 74.5533 -96.11998 74.35999 curveto
-96.3133 74.16667 -96.62671 74.16667 -96.82002 74.35999 curveto closepath fill
 0.6 0.6 0.6 setrgbcolor
newpath -96.82002 74.35999 moveto
-97.01334 74.5533 -97.01334 74.86671 -96.82002 75.06003 curveto
-96.62671 75.25334 -96.3133 75.25334 -96.11998 75.06003 curveto
-95.92667 74.86671 -95.92667 74.5533 -96.11998 74.35999 curveto
-96.3133 74.16667 -96.62671 74.16667 -96.82002 74.35999 curveto closepath stroke
-1 THsetalpha
 0 0 0 0 setcmykcolor
newpath -97.52002 47.87997 moveto
-97.71333 48.07329 -97.71333 48.3867 -97.52002 48.58002 curveto
-97.3267 48.77333 -97.01329 48.77333 -96.81998 48.58002 curveto
-96.62666 48.3867 -96.62666 48.07329 -96.81998 47.87997 curveto
-97.01329 47.68666 -97.3267 47.68666 -97.52002 47.87997 curveto closepath fill
 0.6 0.6 0.6 setrgbcolor
newpath -97.52002 47.87997 moveto
-97.71333 48.07329 -97.71333 48.3867 -97.52002 48.58002 curveto
-97.3267 48.77333 -97.01329 48.77333 -96.81998 48.58002 curveto
-96.62666 48.3867 -96.62666 48.07329 -96.81998 47.87997 curveto
-97.01329 47.68666 -97.3267 47.68666 -97.52002 47.87997 curveto closepath stroke
-1 THsetalpha
 0 0 0 0 setcmykcolor
newpath -92.78001 19.42998 moveto
-92.97333 19.62329 -92.97333 19.9367 -92.78001 20.13002 curveto
-92.5867 20.32333 -92.27328 20.32333 -92.07997 20.13002 curveto
-91.88666 19.9367 -91.88666 19.62329 -92.07997 19.42998 curveto
-92.27328 19.23666 -92.5867 19.23666 -92.78001 19.42998 curveto closepath fill
 0.6 0.6 0.6 setrgbcolor
newpath -92.78001 19.42998 moveto
-92.97333 19.62329 -92.97333 19.9367 -92.78001 20.13002 curveto
-92.5867 20.32333 -92.27328 20.32333 -92.07997 20.13002 curveto
-91.88666 19.9367 -91.88666 19.62329 -92.07997 19.42998 curveto
-92.27328 19.23666 -92.5867 19.23666 -92.78001 19.42998 curveto closepath stroke
-1 THsetalpha
 0 0 0 0 setcmykcolor
newpath -93.86002 12.21999 moveto
-94.05333 12.4133 -94.05333 12.72672 -93.86002 12.92003 curveto
-93.6667 13.11334 -93.35329 13.11334 -93.15997 12.92003 curveto
-92.96666 12.72672 -92.96666 12.4133 -93.15997 12.21999 curveto
-93.35329 12.02667 -93.6667 12.02667 -93.86002 12.21999 curveto closepath fill
 0.6 0.6 0.6 setrgbcolor
newpath -93.86002 12.21999 moveto
-94.05333 12.4133 -94.05333 12.72672 -93.86002 12.92003 curveto
-93.6667 13.11334 -93.35329 13.11334 -93.15997 12.92003 curveto
-92.96666 12.72672 -92.96666 12.4133 -93.15997 12.21999 curveto
-93.35329 12.02667 -93.6667 12.02667 -93.86002 12.21999 curveto closepath stroke
-1 THsetalpha
 0 0 0 0 setcmykcolor
newpath -99.67003 4.91998 moveto
-99.86334 5.1133 -99.86334 5.42671 -99.67003 5.62003 curveto
-99.47672 5.81334 -99.1633 5.81334 -98.96999 5.62003 curveto
-98.77667 5.42671 -98.77667 5.1133 -98.96999 4.91998 curveto
-99.1633 4.72667 -99.47672 4.72667 -99.67003 4.91998 curveto closepath fill
 0.6 0.6 0.6 setrgbcolor
newpath -99.67003 4.91998 moveto
-99.86334 5.1133 -99.86334 5.42671 -99.67003 5.62003 curveto
-99.47672 5.81334 -99.1633 5.81334 -98.96999 5.62003 curveto
-98.77667 5.42671 -98.77667 5.1133 -98.96999 4.91998 curveto
-99.1633 4.72667 -99.47672 4.72667 -99.67003 4.91998 curveto closepath stroke
-1 THsetalpha
 0 0 0 0 setcmykcolor
newpath -82.94002 1.56998 moveto
-83.13333 1.76329 -83.13333 2.0767 -82.94002 2.27002 curveto
-82.7467 2.46333 -82.43329 2.46333 -82.23997 2.27002 curveto
-82.04666 2.0767 -82.04666 1.76329 -82.23997 1.56998 curveto
-82.43329 1.37666 -82.7467 1.37666 -82.94002 1.56998 curveto closepath fill
 0.6 0.6 0.6 setrgbcolor
newpath -82.94002 1.56998 moveto
-83.13333 1.76329 -83.13333 2.0767 -82.94002 2.27002 curveto
-82.7467 2.46333 -82.43329 2.46333 -82.23997 2.27002 curveto
-82.04666 2.0767 -82.04666 1.76329 -82.23997 1.56998 curveto
-82.43329 1.37666 -82.7467 1.37666 -82.94002 1.56998 curveto closepath stroke
-1 THsetalpha
 0 0 0 0 setcmykcolor
newpath -91.09003 5.29997 moveto
-91.28334 5.49329 -91.28334 5.8067 -91.09003 6.00002 curveto
-90.89671 6.19333 -90.5833 6.19333 -90.38998 6.00002 curveto
-90.19667 5.8067 -90.19667 5.49329 -90.38998 5.29997 curveto
-90.5833 5.10666 -90.89671 5.10666 -91.09003 5.29997 curveto closepath fill
 0.6 0.6 0.6 setrgbcolor
newpath -91.09003 5.29997 moveto
-91.28334 5.49329 -91.28334 5.8067 -91.09003 6.00002 curveto
-90.89671 6.19333 -90.5833 6.19333 -90.38998 6.00002 curveto
-90.19667 5.8067 -90.19667 5.49329 -90.38998 5.29997 curveto
-90.5833 5.10666 -90.89671 5.10666 -91.09003 5.29997 curveto closepath stroke
-1 THsetalpha
 0 0 0 0 setcmykcolor
newpath -90.64001 6.42998 moveto
-90.83333 6.62329 -90.83333 6.9367 -90.64001 7.13002 curveto
-90.4467 7.32333 -90.13329 7.32333 -89.93997 7.13002 curveto
-89.74666 6.9367 -89.74666 6.62329 -89.93997 6.42998 curveto
-90.13329 6.23666 -90.4467 6.23666 -90.64001 6.42998 curveto closepath fill
 0.6 0.6 0.6 setrgbcolor
newpath -90.64001 6.42998 moveto
-90.83333 6.62329 -90.83333 6.9367 -90.64001 7.13002 curveto
-90.4467 7.32333 -90.13329 7.32333 -89.93997 7.13002 curveto
-89.74666 6.9367 -89.74666 6.62329 -89.93997 6.42998 curveto
-90.13329 6.23666 -90.4467 6.23666 -90.64001 6.42998 curveto closepath stroke
-1 THsetalpha
 0 0 0 0 setcmykcolor
newpath -100.02002 -6.24002 moveto
-100.21333 -6.0467 -100.21333 -5.73329 -100.02002 -5.53998 curveto
-99.8267 -5.34666 -99.51329 -5.34666 -99.31998 -5.53998 curveto
-99.12666 -5.73329 -99.12666 -6.0467 -99.31998 -6.24002 curveto
-99.51329 -6.43333 -99.8267 -6.43333 -100.02002 -6.24002 curveto closepath fill
 0.6 0.6 0.6 setrgbcolor
newpath -100.02002 -6.24002 moveto
-100.21333 -6.0467 -100.21333 -5.73329 -100.02002 -5.53998 curveto
-99.8267 -5.34666 -99.51329 -5.34666 -99.31998 -5.53998 curveto
-99.12666 -5.73329 -99.12666 -6.0467 -99.31998 -6.24002 curveto
-99.51329 -6.43333 -99.8267 -6.43333 -100.02002 -6.24002 curveto closepath stroke
showpage
%%EOF
