%!PS
%%BoundingBox: -68 -76 26 24 
%%HiResBoundingBox: -67.1 -75.62001 25.73848 23.73705 
%%Creator: MetaPost 2.01
%%CreationDate: 2023.02.28:1206
%%Pages: 1
%%BeginProlog
%%EndProlog
%%Page: 1 1
 1 0.85715 0 0.3 setcmykcolor 0 0.35
 dtransform truncate idtransform setlinewidth pop [] 0 setdash 1 setlinecap
 1 setlinejoin 10 setmiterlimit
newpath 25.56348 12.57376 moveto
25.15216 12.98224 24.32115 12.42847 23.97823 12.96423 curveto
23.53328 13.65942 25.25424 14.32759 24.56485 15.04517 curveto
23.8167 15.82393 23.14716 14.00235 22.43877 14.39427 curveto
21.64384 14.83406 22.66832 15.76855 22.48123 16.42384 curveto
22.25342 17.2218 21.12521 16.9812 20.59653 17.50623 curveto stroke
newpath 22.92622 16.62538 moveto
22.91267 16.85634 22.87506 17.07237 22.75198 17.2275 curveto
22.23615 17.87752 21.2859 17.2235 20.59653 17.50623 curveto
20.88405 16.81883 22.01845 16.60936 21.92354 15.78496 curveto
21.90088 15.58827 21.77472 15.40892 21.62099 15.23601 curveto
 closepath stroke
newpath 22.92622 16.62538 moveto
22.91267 16.85634 22.87506 17.07237 22.75198 17.2275 curveto
22.23615 17.87752 21.2859 17.2235 20.59653 17.50623 curveto
20.88405 16.81883 22.01845 16.60936 21.92354 15.78496 curveto
21.90088 15.58827 21.77472 15.40892 21.62099 15.23601 curveto
 closepath fill
newpath 21.37135 17.69797 moveto
21.05478 18.1836 20.12614 17.8163 19.90317 18.41206 curveto
19.61382 19.18506 21.43661 19.47765 20.91296 20.3238 curveto
20.34468 21.2421 19.30815 19.60133 18.69765 20.13304 curveto
18.01257 20.7297 19.21017 21.42868 19.16461 22.10861 curveto
19.10915 22.9366 17.95555 22.93785 17.54866 23.56204 curveto stroke
newpath 19.64197 22.21243 moveto
19.67712 22.44109 19.68565 22.6602 19.59782 22.83768 curveto
19.22969 23.5814 18.16347 23.14108 17.54866 23.56204 curveto
17.68571 22.82965 18.75099 22.38704 18.4854 21.60085 curveto
18.42201 21.41325 18.26106 21.26434 18.07448 21.12752 curveto
 closepath stroke
newpath 19.64197 22.21243 moveto
19.67712 22.44109 19.68565 22.6602 19.59782 22.83768 curveto
19.22969 23.5814 18.16347 23.14108 17.54866 23.56204 curveto
17.68571 22.82965 18.75099 22.38704 18.4854 21.60085 curveto
18.42201 21.41325 18.26106 21.26434 18.07448 21.12752 curveto
 closepath fill
 0 0 0 1 setcmykcolor 0 0.7 dtransform truncate idtransform setlinewidth pop
newpath -64.72 -54.4 moveto
-60.43 -53.44 -61.42 -53.67 -59.9 -54.21 curveto
-59.15 -54.48 -58.35 -54.13 -58.12 -55.8 curveto
-57.89 -57.48 -56.77 -56.88 -57.65 -58.69 curveto
-58.54 -60.5 -59.41 -61.64 -59.7 -61.98 curveto
-59.99 -62.32 -61.13 -63.19 -61.52 -63.73 curveto
-61.91 -64.28 -65.22 -66.46 -65.46 -67.01 curveto
-65.7 -67.57 -66.75 -69 -66.75 -69 curveto stroke
newpath -47.85 -49.53 moveto
-48.14 -49.48 -48.38 -48.78 -48.52 -48.72 curveto
-48.66 -48.66 -50.83 -47.99 -51.08 -47.88 curveto
-51.33 -47.77 -51.99 -47.73 -52.06 -47.3 curveto
-52.14 -46.87 -51.87 -45.81 -51.87 -45.81 curveto
-51.87 -45.81 -53.04 -44.09 -54.47 -45.01 curveto
-55.12 -45.43 -54.86 -47.94 -56.87 -48.09 curveto
-59.33 -48.27 -63.88 -50.28 -63.9 -50.54 curveto stroke
newpath -65.9 -69.75 moveto
-65.62 -69.54 -62.33 -66.81 -61.82 -66.53 curveto
-61.32 -66.24 -59.34 -64.35 -58.81 -63.99 curveto
-58.29 -63.63 -57.08 -61.78 -57.05 -62.89 curveto
-57.02 -64 -58.03 -65.9 -58.17 -66.48 curveto
-58.32 -67.06 -58.93 -68.3 -58.79 -69.79 curveto
-58.64 -71.29 -58.83 -73.19 -58.95 -73.68 curveto
-59.07 -74.16 -58.94 -75.27 -58.94 -75.27 curveto stroke
newpath -56.77 -75.11 moveto
-56.69 -74.8 -55.7 -71.3 -55.53 -70.6 curveto
-55.35 -69.9 -56.38 -65.75 -55.35 -64.62 curveto
-54.33 -63.49 -53.63 -57.99 -53.57 -57.44 curveto
-53.52 -56.89 -53.06 -56.39 -52.43 -55.73 curveto
-51.81 -55.06 -52.32 -54.14 -51.21 -54.41 curveto
-50.1 -54.69 -50.47 -54.54 -49.75 -54.83 curveto
-49.02 -55.11 -47.86 -54.96 -46.75 -54.95 curveto
-45.65 -54.94 -44.93 -53.69 -43.81 -53.42 curveto
-42.69 -53.16 -35.95 -52.83 -34.96 -52.69 curveto
-33.98 -52.55 -31.91 -52.19 -31.49 -52.04 curveto
-31.07 -51.89 -29.89 -51.15 -29.89 -51.15 curveto stroke
newpath -30.48 -48.67 moveto
-30.83 -48.74 -35.46 -49.44 -35.83 -49.55 curveto
-36.19 -49.67 -38.48 -49.82 -39.06 -49.24 curveto
-39.63 -48.66 -40.31 -48.39 -39.71 -48.03 curveto stroke
-1 THsetalpha
 0 0 0 0 setcmykcolor
newpath -56.42003 -60.94002 moveto
-56.61334 -60.7467 -56.61334 -60.43329 -56.42003 -60.23997 curveto
-56.22672 -60.04666 -55.9133 -60.04666 -55.71999 -60.23997 curveto
-55.52667 -60.43329 -55.52667 -60.7467 -55.71999 -60.94002 curveto
-55.9133 -61.13333 -56.22672 -61.13333 -56.42003 -60.94002 curveto closepath fill
 0.6 0.6 0.6 setrgbcolor 0 0.24501 dtransform truncate idtransform setlinewidth pop
newpath -56.42003 -60.94002 moveto
-56.61334 -60.7467 -56.61334 -60.43329 -56.42003 -60.23997 curveto
-56.22672 -60.04666 -55.9133 -60.04666 -55.71999 -60.23997 curveto
-55.52667 -60.43329 -55.52667 -60.7467 -55.71999 -60.94002 curveto
-55.9133 -61.13333 -56.22672 -61.13333 -56.42003 -60.94002 curveto closepath stroke
-1 THsetalpha
 0 0 0 0 setcmykcolor
newpath -55.32002 -53.34003 moveto
-55.51334 -53.14671 -55.51334 -52.8333 -55.32002 -52.63998 curveto
-55.12671 -52.44667 -54.8133 -52.44667 -54.61998 -52.63998 curveto
-54.42667 -52.8333 -54.42667 -53.14671 -54.61998 -53.34003 curveto
-54.8133 -53.53334 -55.12671 -53.53334 -55.32002 -53.34003 curveto closepath fill
 0.6 0.6 0.6 setrgbcolor
newpath -55.32002 -53.34003 moveto
-55.51334 -53.14671 -55.51334 -52.8333 -55.32002 -52.63998 curveto
-55.12671 -52.44667 -54.8133 -52.44667 -54.61998 -52.63998 curveto
-54.42667 -52.8333 -54.42667 -53.14671 -54.61998 -53.34003 curveto
-54.8133 -53.53334 -55.12671 -53.53334 -55.32002 -53.34003 curveto closepath stroke
showpage
%%EOF
