%!PS
%%BoundingBox: -90 -122 70 143 
%%HiResBoundingBox: -89.83 -121.5 69.18752 142.95001 
%%Creator: MetaPost 2.01
%%CreationDate: 2023.02.28:1206
%%Pages: 1
%%BeginProlog
%%EndProlog
%%Page: 1 1
 0 0 0 1 setcmykcolor 0 0.7 dtransform truncate idtransform setlinewidth pop
 [] 0 setdash 1 setlinecap 1 setlinejoin 10 setmiterlimit
newpath -41.73 142.6 moveto
-41.75 135.06 -54.38 125.4 -59.95 117.78 curveto
-61.42 115.78 -61.1 113.5 -60.79 111.9 curveto
-60.61 110.99 -63.96 108.41 -63.96 108.41 curveto stroke
newpath -61.3 102.12 moveto
-61.3 102.12 -59.48 102.57 -58.56 102.18 curveto
-57.67 101.8 -57.63 100.21 -57.42 99.64 curveto
-57.1 98.79 -55.53 95.06 -55.02 92.14 curveto
-54.16 87.09 -50.76 82.5 -50.4 81.29 curveto
-49.83 79.4 -50.96 77.86 -50.44 75.08 curveto
-49.93 72.3 -49.97 71.82 -51.17 67.72 curveto
-52.37 63.68 -52.33 66.09 -50.12 62.66 curveto
-47.92 59.22 -52.89 54.73 -53.5 54.03 curveto
-54.12 53.33 -56.21 50.94 -56.27 49.95 curveto
-56.34 48.97 -56.26 46.02 -56.26 46.02 curveto
-66.65 29.81 lineto
-66.65 29.81 -71.06 31.39 -69.36 24.86 curveto
-67.63 18.26 -60.62 3.64 -61.02 2.26 curveto
-64.75 -9.9 lineto
-65.42 -12.12 -69.03 -30.74 -69.23 -34.09 curveto
-69.43 -37.44 -71.39 -42.4 -71.75 -46.57 curveto
-72.12 -50.73 -74.51 -56.67 -74.51 -56.67 curveto
-79.33 -54.02 lineto
-81.32 -42.47 lineto stroke
newpath -89.48 -44.38 moveto
-88.43 -45.91 -83.93 -65.94 -82.76 -67.18 curveto
-81.6 -68.43 -76.5 -81.4 -76.53 -82.61 curveto
-76.57 -83.81 -74.09 -98.48 -74.09 -98.48 curveto stroke
newpath -69.88 -96.73 moveto
-70.23 -90.42 -71.39 -81.64 -70.35 -80.07 curveto
-69.3 -78.49 -66.06 -77.51 -64.74 -78.15 curveto
-63.44 -78.78 -63.35 -78.49 -61.84 -82.17 curveto
-60.32 -85.88 -58.41 -89.98 -58.73 -91.98 curveto
-59.06 -94.03 -60.14 -98.34 -60.14 -98.34 curveto
-60.14 -98.34 -63.98 -99.46 -62.19 -102.68 curveto
-60.38 -105.95 -55.77 -121.15 -55.77 -121.15 curveto stroke
newpath -46.26 -117.42 moveto
-46.26 -117.42 -49.18 -112.67 -47.73 -110.66 curveto
-46.26 -108.65 -43.64 -106.06 -42.37 -109.13 curveto
-41.11 -112.18 -35.9 -113.76 -33.64 -113.15 curveto
-31.36 -112.53 -28.93 -115.84 -23.64 -116.25 curveto
-18.37 -116.65 -4.56 -118.83 -2.99 -118.62 curveto
-1.43 -118.42 5.06 -119.48 8.59 -116.66 curveto
12.14 -113.83 15.57 -113.81 15.57 -113.81 curveto stroke
newpath -28.66 70.17 moveto
-32.41 74.53 lineto
-32.41 74.53 -33.2 79.66 -33.52 81.29 curveto
-33.68 82.07 -39.45 83.26 -42.34 87.75 curveto
-45.47 92.62 -45.73 100.88 -46 101.6 curveto
-46.51 102.99 -47.66 108.72 -47.35 109.86 curveto
-47.05 110.99 -47.54 116.95 -45.09 119.27 curveto
-44.11 120.19 -42.81 122.13 -41.57 124.14 curveto
-39.67 127.22 -37.62 130.64 -37.62 130.64 curveto
-32.42 137.04 lineto stroke
newpath 14.56 -104.93 moveto
13.48 -105.42 12.01 -103.84 9.85 -104.75 curveto
5.95 -106.4 0.87 -107.01 -0.9 -107.15 curveto
-3.65 -107.38 -4.76 -107.08 -7.73 -106.93 curveto
-10.7 -106.78 -16.07 -105.01 -17.47 -104.67 curveto
-18.87 -104.32 -25.02 -102.16 -26.42 -101.82 curveto
-27.08 -101.66 -31.13 -103.55 -33.48 -102.41 curveto
-36.05 -101.17 -40.24 -101.02 -40.79 -100.72 curveto
-41.82 -100.14 -48.52 -94.54 -48.52 -94.54 curveto
-48.52 -94.54 -50.45 -88.43 -51.27 -86.1 curveto
-52.1 -83.75 -55.57 -70.62 -56.29 -67.73 curveto
-57 -64.85 -56.48 -61.76 -56.81 -58.44 curveto
-57.14 -55.18 -55.34 -45.14 -55.71 -41.67 curveto
-56.08 -38.17 -57.09 -38.49 -55.39 -34.07 curveto
-53.7 -29.68 -49.28 -24.02 -48.24 -21.59 curveto
-47.21 -19.16 -48.01 -4.87 -48.14 -3.3 curveto
-48.28 -1.74 -46.35 -0.22 -46.35 -0.22 curveto
-45.02 2.38 lineto
-47.57 4.96 lineto
-53.76 12.13 lineto
-53.76 12.13 -59.28 26.02 -58.78 27.66 curveto
-58.28 29.31 -51.16 37.23 -49.64 38.25 curveto
-48.1 39.29 -38.49 44.04 -38.49 44.04 curveto
-32.51 46.1 lineto
-32.51 46.1 -30.77 45.36 -30.21 47.78 curveto
-29.67 50.08 -28.71 52.84 -28.71 52.84 curveto
-27.92 53.29 lineto
-27.92 53.29 -27.5 53.45 -27.41 54.97 curveto
-27.32 56.54 -25.19 54.89 -25.19 54.89 curveto stroke
newpath -63.1595 -45.36679 moveto
-62.30605 -45.1312 lineto
-61.48189 -45.45471 lineto
-62.2401 -43.87286 lineto
 closepath fill
 1 1 1 setrgbcolor
newpath -63.1595 -45.36679 moveto
-62.30605 -45.1312 lineto
-61.48189 -45.45471 lineto
-61.61378 -47.97127 lineto
-63.2914 -47.88335 lineto
 closepath fill
 0 0 0 1 setcmykcolor 0.24501
 0 dtransform exch truncate exch idtransform pop setlinewidth
newpath -62.45259 -47.9273 moveto
-62.29506 -44.92148 lineto stroke
newpath -57.62343 -19.1812 moveto
-56.75783 -18.99512 lineto
-55.95366 -19.36555 lineto
-56.61955 -17.74268 lineto
 closepath fill
 1 1 1 setrgbcolor
newpath -57.62343 -19.1812 moveto
-56.75783 -18.99512 lineto
-55.95366 -19.36555 lineto
-56.23021 -21.87033 lineto
-57.89998 -21.68597 lineto
 closepath fill
 0 0 0 1 setcmykcolor 0 0.24501 dtransform truncate idtransform setlinewidth pop
newpath -57.0651 -21.77815 moveto
-56.73479 -18.78639 lineto stroke
newpath -50.04515 90.31688 moveto
-49.30457 90.80211 lineto
-48.42094 90.74602 lineto
-49.62643 92.02037 lineto
 closepath fill
 1 1 1 setrgbcolor
newpath -50.04515 90.31688 moveto
-49.30457 90.80211 lineto
-48.42094 90.74602 lineto
-47.77722 88.3096 lineto
-49.40143 87.88046 lineto
 closepath fill
 0 0 0 1 setcmykcolor
newpath -48.58932 88.09503 moveto
-49.3582 91.00513 lineto stroke
newpath -51.73347 99.50618 moveto
-50.91273 99.83832 lineto
-50.05684 99.61165 lineto
-50.99187 101.09589 lineto
 closepath fill
 1 1 1 setrgbcolor
newpath -51.73347 99.50618 moveto
-50.91273 99.83832 lineto
-50.05684 99.61165 lineto
-49.89862 97.0966 lineto
-51.57526 96.99113 lineto
 closepath fill
 0 0 0 1 setcmykcolor 0.24501
 0 dtransform exch truncate exch idtransform pop setlinewidth
newpath -50.73694 97.04387 moveto
-50.92593 100.0479 lineto stroke
newpath -45.61565 80.45837 moveto
-44.93375 81.02313 lineto
-44.0494 81.06586 lineto
-45.3894 82.1979 lineto
 closepath fill
 1 1 1 setrgbcolor
newpath -45.61565 80.45837 moveto
-44.93375 81.02313 lineto
-44.0494 81.06586 lineto
-43.1381 78.7164 lineto
-44.70436 78.10892 lineto
 closepath fill
 0 0 0 1 setcmykcolor 0 0.24501 dtransform truncate idtransform setlinewidth pop
newpath -43.92123 78.41266 moveto
-45.00969 81.2189 lineto stroke
newpath 5.41708 -113.22916 moveto
5.63078 -112.36993 lineto
6.31723 -111.81073 lineto
4.56688 -111.69476 lineto
 closepath fill
 1 1 1 setrgbcolor
newpath 5.41708 -113.22916 moveto
5.63078 -112.36993 lineto
6.31723 -111.81073 lineto
8.44495 -113.16101 lineto
7.5448 -114.57944 lineto
 closepath fill
 0 0 0 1 setcmykcolor
newpath 7.99487 -113.87022 moveto
5.45349 -112.25742 lineto stroke
newpath -10.32028 -112.41623 moveto
-9.92291 -111.62502 lineto
-9.13031 -111.23041 lineto
-10.81235 -110.73247 lineto
 closepath fill
 1 1 1 setrgbcolor
newpath -10.32028 -112.41623 moveto
-9.92291 -111.62502 lineto
-9.13031 -111.23041 lineto
-7.35152 -113.01544 lineto
-8.54149 -114.20126 lineto
 closepath fill
 0 0 0 1 setcmykcolor
newpath -7.9465 -113.60835 moveto
-10.07114 -111.47627 lineto stroke
newpath -33.89824 -106.13368 moveto
-33.2233 -105.56064 lineto
-32.33952 -105.5071 lineto
-33.69328 -104.39151 lineto
 closepath fill
 1 1 1 setrgbcolor
newpath -33.89824 -106.13368 moveto
-33.2233 -105.56064 lineto
-32.33952 -105.5071 lineto
-31.3996 -107.84526 lineto
-32.95831 -108.47185 lineto
 closepath fill
 0 0 0 1 setcmykcolor
newpath -32.17896 -108.15855 moveto
-33.30162 -105.3658 lineto stroke
newpath -22.62238 -110.48865 moveto
-21.91095 -109.9616 lineto
-21.02557 -109.96674 lineto
-22.3024 -108.76389 lineto
 closepath fill
 1 1 1 setrgbcolor
newpath -22.62238 -110.48865 moveto
-21.91095 -109.9616 lineto
-21.02557 -109.96674 lineto
-20.24269 -112.36205 lineto
-21.8395 -112.88396 lineto
 closepath fill
 0 0 0 1 setcmykcolor
newpath -21.04109 -112.623 moveto
-21.97618 -109.762 lineto stroke
-1 THsetalpha
 0 0 0 0 setcmykcolor
newpath -49.94002 122.78998 moveto
-50.13333 122.98329 -50.13333 123.2967 -49.94002 123.49002 curveto
-49.7467 123.68333 -49.43329 123.68333 -49.23997 123.49002 curveto
-49.04666 123.2967 -49.04666 122.98329 -49.23997 122.78998 curveto
-49.43329 122.59666 -49.7467 122.59666 -49.94002 122.78998 curveto closepath fill
 0.6 0.6 0.6 setrgbcolor
newpath -49.94002 122.78998 moveto
-50.13333 122.98329 -50.13333 123.2967 -49.94002 123.49002 curveto
-49.7467 123.68333 -49.43329 123.68333 -49.23997 123.49002 curveto
-49.04666 123.2967 -49.04666 122.98329 -49.23997 122.78998 curveto
-49.43329 122.59666 -49.7467 122.59666 -49.94002 122.78998 curveto closepath stroke
-1 THsetalpha
 0 0 0 0 setcmykcolor
newpath -76.13002 -73.42003 moveto
-76.32333 -73.22672 -76.32333 -72.9133 -76.13002 -72.71999 curveto
-75.9367 -72.52667 -75.62329 -72.52667 -75.42998 -72.71999 curveto
-75.23666 -72.9133 -75.23666 -73.22672 -75.42998 -73.42003 curveto
-75.62329 -73.61334 -75.9367 -73.61334 -76.13002 -73.42003 curveto closepath fill
 0.6 0.6 0.6 setrgbcolor
newpath -76.13002 -73.42003 moveto
-76.32333 -73.22672 -76.32333 -72.9133 -76.13002 -72.71999 curveto
-75.9367 -72.52667 -75.62329 -72.52667 -75.42998 -72.71999 curveto
-75.23666 -72.9133 -75.23666 -73.22672 -75.42998 -73.42003 curveto
-75.62329 -73.61334 -75.9367 -73.61334 -76.13002 -73.42003 curveto closepath stroke
-1 THsetalpha
 0 0 0 0 setcmykcolor
newpath -78.82002 -74.02002 moveto
-79.01334 -73.8267 -79.01334 -73.51329 -78.82002 -73.31998 curveto
-78.62671 -73.12666 -78.3133 -73.12666 -78.11998 -73.31998 curveto
-77.92667 -73.51329 -77.92667 -73.8267 -78.11998 -74.02002 curveto
-78.3133 -74.21333 -78.62671 -74.21333 -78.82002 -74.02002 curveto closepath fill
 0.6 0.6 0.6 setrgbcolor
newpath -78.82002 -74.02002 moveto
-79.01334 -73.8267 -79.01334 -73.51329 -78.82002 -73.31998 curveto
-78.62671 -73.12666 -78.3133 -73.12666 -78.11998 -73.31998 curveto
-77.92667 -73.51329 -77.92667 -73.8267 -78.11998 -74.02002 curveto
-78.3133 -74.21333 -78.62671 -74.21333 -78.82002 -74.02002 curveto closepath stroke
-1 THsetalpha
 0 0 0 0 setcmykcolor
newpath -54.72002 110.93997 moveto
-54.91333 111.13329 -54.91333 111.4467 -54.72002 111.64001 curveto
-54.5267 111.83333 -54.21329 111.83333 -54.01997 111.64001 curveto
-53.82666 111.4467 -53.82666 111.13329 -54.01997 110.93997 curveto
-54.21329 110.74666 -54.5267 110.74666 -54.72002 110.93997 curveto closepath fill
 0.6 0.6 0.6 setrgbcolor
newpath -54.72002 110.93997 moveto
-54.91333 111.13329 -54.91333 111.4467 -54.72002 111.64001 curveto
-54.5267 111.83333 -54.21329 111.83333 -54.01997 111.64001 curveto
-53.82666 111.4467 -53.82666 111.13329 -54.01997 110.93997 curveto
-54.21329 110.74666 -54.5267 110.74666 -54.72002 110.93997 curveto closepath stroke
-1 THsetalpha
 0 0 0 0 setcmykcolor
newpath -56.16002 109.42998 moveto
-56.35333 109.62329 -56.35333 109.9367 -56.16002 110.13002 curveto
-55.9667 110.32333 -55.65329 110.32333 -55.45998 110.13002 curveto
-55.26666 109.9367 -55.26666 109.62329 -55.45998 109.42998 curveto
-55.65329 109.23666 -55.9667 109.23666 -56.16002 109.42998 curveto closepath fill
 0.6 0.6 0.6 setrgbcolor
newpath -56.16002 109.42998 moveto
-56.35333 109.62329 -56.35333 109.9367 -56.16002 110.13002 curveto
-55.9667 110.32333 -55.65329 110.32333 -55.45998 110.13002 curveto
-55.26666 109.9367 -55.26666 109.62329 -55.45998 109.42998 curveto
-55.65329 109.23666 -55.9667 109.23666 -56.16002 109.42998 curveto closepath fill
-1 THsetalpha
 0 0 0 0 setcmykcolor
newpath -37.33002 68.85999 moveto
-37.52333 69.0533 -37.52333 69.36671 -37.33002 69.56003 curveto
-37.1367 69.75334 -36.82329 69.75334 -36.62997 69.56003 curveto
-36.43666 69.36671 -36.43666 69.0533 -36.62997 68.85999 curveto
-36.82329 68.66667 -37.1367 68.66667 -37.33002 68.85999 curveto closepath fill
 0.6 0.6 0.6 setrgbcolor
newpath -37.33002 68.85999 moveto
-37.52333 69.0533 -37.52333 69.36671 -37.33002 69.56003 curveto
-37.1367 69.75334 -36.82329 69.75334 -36.62997 69.56003 curveto
-36.43666 69.36671 -36.43666 69.0533 -36.62997 68.85999 curveto
-36.82329 68.66667 -37.1367 68.66667 -37.33002 68.85999 curveto closepath stroke
-1 THsetalpha
 0 0 0 0 setcmykcolor
newpath -37.91002 53.51997 moveto
-38.10333 53.71329 -38.10333 54.0267 -37.91002 54.22002 curveto
-37.7167 54.41333 -37.40329 54.41333 -37.20998 54.22002 curveto
-37.01666 54.0267 -37.01666 53.71329 -37.20998 53.51997 curveto
-37.40329 53.32666 -37.7167 53.32666 -37.91002 53.51997 curveto closepath fill
 0.6 0.6 0.6 setrgbcolor
newpath -37.91002 53.51997 moveto
-38.10333 53.71329 -38.10333 54.0267 -37.91002 54.22002 curveto
-37.7167 54.41333 -37.40329 54.41333 -37.20998 54.22002 curveto
-37.01666 54.0267 -37.01666 53.71329 -37.20998 53.51997 curveto
-37.40329 53.32666 -37.7167 53.32666 -37.91002 53.51997 curveto closepath stroke
-1 THsetalpha
 0 0 0 0 setcmykcolor
newpath -36.70003 49.43997 moveto
-36.89334 49.63329 -36.89334 49.9467 -36.70003 50.14001 curveto
-36.50671 50.33333 -36.1933 50.33333 -35.99998 50.14001 curveto
-35.80667 49.9467 -35.80667 49.63329 -35.99998 49.43997 curveto
-36.1933 49.24666 -36.50671 49.24666 -36.70003 49.43997 curveto closepath fill
 0.6 0.6 0.6 setrgbcolor
newpath -36.70003 49.43997 moveto
-36.89334 49.63329 -36.89334 49.9467 -36.70003 50.14001 curveto
-36.50671 50.33333 -36.1933 50.33333 -35.99998 50.14001 curveto
-35.80667 49.9467 -35.80667 49.63329 -35.99998 49.43997 curveto
-36.1933 49.24666 -36.50671 49.24666 -36.70003 49.43997 curveto closepath stroke
-1 THsetalpha
 0 0 0 0 setcmykcolor
newpath -64.69002 25.54997 moveto
-64.88333 25.74329 -64.88333 26.0567 -64.69002 26.25002 curveto
-64.4967 26.44333 -64.18329 26.44333 -63.98997 26.25002 curveto
-63.79666 26.0567 -63.79666 25.74329 -63.98997 25.54997 curveto
-64.18329 25.35666 -64.4967 25.35666 -64.69002 25.54997 curveto closepath fill
 0.6 0.6 0.6 setrgbcolor
newpath -64.69002 25.54997 moveto
-64.88333 25.74329 -64.88333 26.0567 -64.69002 26.25002 curveto
-64.4967 26.44333 -64.18329 26.44333 -63.98997 26.25002 curveto
-63.79666 26.0567 -63.79666 25.74329 -63.98997 25.54997 curveto
-64.18329 25.35666 -64.4967 25.35666 -64.69002 25.54997 curveto closepath stroke
-1 THsetalpha
 0 0 0 0 setcmykcolor
newpath -54.41002 -0.57002 moveto
-54.60333 -0.37671 -54.60333 -0.0633 -54.41002 0.13002 curveto
-54.2167 0.32333 -53.90329 0.32333 -53.70998 0.13002 curveto
-53.51666 -0.0633 -53.51666 -0.37671 -53.70998 -0.57002 curveto
-53.90329 -0.76334 -54.2167 -0.76334 -54.41002 -0.57002 curveto closepath fill
 0.6 0.6 0.6 setrgbcolor
newpath -54.41002 -0.57002 moveto
-54.60333 -0.37671 -54.60333 -0.0633 -54.41002 0.13002 curveto
-54.2167 0.32333 -53.90329 0.32333 -53.70998 0.13002 curveto
-53.51666 -0.0633 -53.51666 -0.37671 -53.70998 -0.57002 curveto
-53.90329 -0.76334 -54.2167 -0.76334 -54.41002 -0.57002 curveto closepath stroke
-1 THsetalpha
 0 0 0 0 setcmykcolor
newpath -64.21002 -26.75002 moveto
-64.40334 -26.5567 -64.40334 -26.24329 -64.21002 -26.04997 curveto
-64.01671 -25.85666 -63.7033 -25.85666 -63.50998 -26.04997 curveto
-63.31667 -26.24329 -63.31667 -26.5567 -63.50998 -26.75002 curveto
-63.7033 -26.94333 -64.01671 -26.94333 -64.21002 -26.75002 curveto closepath fill
 0.6 0.6 0.6 setrgbcolor
newpath -64.21002 -26.75002 moveto
-64.40334 -26.5567 -64.40334 -26.24329 -64.21002 -26.04997 curveto
-64.01671 -25.85666 -63.7033 -25.85666 -63.50998 -26.04997 curveto
-63.31667 -26.24329 -63.31667 -26.5567 -63.50998 -26.75002 curveto
-63.7033 -26.94333 -64.01671 -26.94333 -64.21002 -26.75002 curveto closepath stroke
-1 THsetalpha
 0 0 0 0 setcmykcolor
newpath -51.27002 -112.55002 moveto
-51.46333 -112.3567 -51.46333 -112.04329 -51.27002 -111.84998 curveto
-51.0767 -111.65666 -50.76329 -111.65666 -50.56998 -111.84998 curveto
-50.37666 -112.04329 -50.37666 -112.3567 -50.56998 -112.55002 curveto
-50.76329 -112.74333 -51.0767 -112.74333 -51.27002 -112.55002 curveto closepath fill
 0.6 0.6 0.6 setrgbcolor
newpath -51.27002 -112.55002 moveto
-51.46333 -112.3567 -51.46333 -112.04329 -51.27002 -111.84998 curveto
-51.0767 -111.65666 -50.76329 -111.65666 -50.56998 -111.84998 curveto
-50.37666 -112.04329 -50.37666 -112.3567 -50.56998 -112.55002 curveto
-50.76329 -112.74333 -51.0767 -112.74333 -51.27002 -112.55002 curveto closepath stroke
-1 THsetalpha
 0 0 0 0 setcmykcolor
newpath -75.27002 -76.57002 moveto
-75.46333 -76.37671 -75.46333 -76.0633 -75.27002 -75.86998 curveto
-75.0767 -75.67667 -74.76329 -75.67667 -74.56998 -75.86998 curveto
-74.37666 -76.0633 -74.37666 -76.37671 -74.56998 -76.57002 curveto
-74.76329 -76.76334 -75.0767 -76.76334 -75.27002 -76.57002 curveto closepath fill
 0.6 0.6 0.6 setrgbcolor
newpath -75.27002 -76.57002 moveto
-75.46333 -76.37671 -75.46333 -76.0633 -75.27002 -75.86998 curveto
-75.0767 -75.67667 -74.76329 -75.67667 -74.56998 -75.86998 curveto
-74.37666 -76.0633 -74.37666 -76.37671 -74.56998 -76.57002 curveto
-74.76329 -76.76334 -75.0767 -76.76334 -75.27002 -76.57002 curveto closepath stroke
-1 THsetalpha
 0 0 0 0 setcmykcolor
newpath -57.90002 -72.09003 moveto
-58.09334 -71.89671 -58.09334 -71.5833 -57.90002 -71.38998 curveto
-57.70671 -71.19667 -57.3933 -71.19667 -57.19998 -71.38998 curveto
-57.00667 -71.5833 -57.00667 -71.89671 -57.19998 -72.09003 curveto
-57.3933 -72.28334 -57.70671 -72.28334 -57.90002 -72.09003 curveto closepath fill
 0.6 0.6 0.6 setrgbcolor
newpath -57.90002 -72.09003 moveto
-58.09334 -71.89671 -58.09334 -71.5833 -57.90002 -71.38998 curveto
-57.70671 -71.19667 -57.3933 -71.19667 -57.19998 -71.38998 curveto
-57.00667 -71.5833 -57.00667 -71.89671 -57.19998 -72.09003 curveto
-57.3933 -72.28334 -57.70671 -72.28334 -57.90002 -72.09003 curveto closepath stroke
-1 THsetalpha
 0 0 0 0 setcmykcolor
newpath -49.44002 -102.67003 moveto
-49.63333 -102.47672 -49.63333 -102.1633 -49.44002 -101.96999 curveto
-49.2467 -101.77667 -48.93329 -101.77667 -48.73997 -101.96999 curveto
-48.54666 -102.1633 -48.54666 -102.47672 -48.73997 -102.67003 curveto
-48.93329 -102.86334 -49.2467 -102.86334 -49.44002 -102.67003 curveto closepath fill
 0.6 0.6 0.6 setrgbcolor
newpath -49.44002 -102.67003 moveto
-49.63333 -102.47672 -49.63333 -102.1633 -49.44002 -101.96999 curveto
-49.2467 -101.77667 -48.93329 -101.77667 -48.73997 -101.96999 curveto
-48.54666 -102.1633 -48.54666 -102.47672 -48.73997 -102.67003 curveto
-48.93329 -102.86334 -49.2467 -102.86334 -49.44002 -102.67003 curveto closepath stroke
-1 THsetalpha
 0 0 0 0 setcmykcolor
newpath -53.90002 -94.09003 moveto
-54.09334 -93.89671 -54.09334 -93.5833 -53.90002 -93.38998 curveto
-53.70671 -93.19667 -53.3933 -93.19667 -53.19998 -93.38998 curveto
-53.00667 -93.5833 -53.00667 -93.89671 -53.19998 -94.09003 curveto
-53.3933 -94.28334 -53.70671 -94.28334 -53.90002 -94.09003 curveto closepath fill
 0.6 0.6 0.6 setrgbcolor
newpath -53.90002 -94.09003 moveto
-54.09334 -93.89671 -54.09334 -93.5833 -53.90002 -93.38998 curveto
-53.70671 -93.19667 -53.3933 -93.19667 -53.19998 -93.38998 curveto
-53.00667 -93.5833 -53.00667 -93.89671 -53.19998 -94.09003 curveto
-53.3933 -94.28334 -53.70671 -94.28334 -53.90002 -94.09003 curveto closepath stroke
-1 THsetalpha
 0 0 0 0 setcmykcolor
newpath -34.80002 -108.25002 moveto
-34.99333 -108.0567 -34.99333 -107.74329 -34.80002 -107.54997 curveto
-34.6067 -107.35666 -34.29329 -107.35666 -34.09998 -107.54997 curveto
-33.90666 -107.74329 -33.90666 -108.0567 -34.09998 -108.25002 curveto
-34.29329 -108.44333 -34.6067 -108.44333 -34.80002 -108.25002 curveto closepath fill
 0.6 0.6 0.6 setrgbcolor
newpath -34.80002 -108.25002 moveto
-34.99333 -108.0567 -34.99333 -107.74329 -34.80002 -107.54997 curveto
-34.6067 -107.35666 -34.29329 -107.35666 -34.09998 -107.54997 curveto
-33.90666 -107.74329 -33.90666 -108.0567 -34.09998 -108.25002 curveto
-34.29329 -108.44333 -34.6067 -108.44333 -34.80002 -108.25002 curveto closepath stroke
-1 THsetalpha
 0 0 0 0 setcmykcolor
newpath -0.51003 -113.41002 moveto
-0.70334 -113.2167 -0.70334 -112.90329 -0.51003 -112.70998 curveto
-0.31671 -112.51666 -0.0033 -112.51666 0.19002 -112.70998 curveto
0.38333 -112.90329 0.38333 -113.2167 0.19002 -113.41002 curveto
-0.0033 -113.60333 -0.31671 -113.60333 -0.51003 -113.41002 curveto closepath fill
 0.6 0.6 0.6 setrgbcolor
newpath -0.51003 -113.41002 moveto
-0.70334 -113.2167 -0.70334 -112.90329 -0.51003 -112.70998 curveto
-0.31671 -112.51666 -0.0033 -112.51666 0.19002 -112.70998 curveto
0.38333 -112.90329 0.38333 -113.2167 0.19002 -113.41002 curveto
-0.0033 -113.60333 -0.31671 -113.60333 -0.51003 -113.41002 curveto closepath stroke
-1 THsetalpha
 0 0 0 0 setcmykcolor
newpath 68.21999 12.44998 moveto
68.02667 12.6433 68.02667 12.95671 68.21999 13.15002 curveto
68.4133 13.34334 68.72672 13.34334 68.92003 13.15002 curveto
69.11334 12.95671 69.11334 12.6433 68.92003 12.44998 curveto
68.72672 12.25667 68.4133 12.25667 68.21999 12.44998 curveto closepath fill
 0.6 0.6 0.6 setrgbcolor
newpath 68.21999 12.44998 moveto
68.02667 12.6433 68.02667 12.95671 68.21999 13.15002 curveto
68.4133 13.34334 68.72672 13.34334 68.92003 13.15002 curveto
69.11334 12.95671 69.11334 12.6433 68.92003 12.44998 curveto
68.72672 12.25667 68.4133 12.25667 68.21999 12.44998 curveto closepath stroke
-1 THsetalpha
 0 0 0 0 setcmykcolor
newpath 64.15997 -17.42003 moveto
63.96666 -17.22672 63.96666 -16.9133 64.15997 -16.71999 curveto
64.35329 -16.52667 64.6667 -16.52667 64.86002 -16.71999 curveto
65.05333 -16.9133 65.05333 -17.22672 64.86002 -17.42003 curveto
64.6667 -17.61334 64.35329 -17.61334 64.15997 -17.42003 curveto closepath fill
 0.6 0.6 0.6 setrgbcolor
newpath 64.15997 -17.42003 moveto
63.96666 -17.22672 63.96666 -16.9133 64.15997 -16.71999 curveto
64.35329 -16.52667 64.6667 -16.52667 64.86002 -16.71999 curveto
65.05333 -16.9133 65.05333 -17.22672 64.86002 -17.42003 curveto
64.6667 -17.61334 64.35329 -17.61334 64.15997 -17.42003 curveto closepath stroke
-1 THsetalpha
 0 0 0 0 setcmykcolor
newpath 43.23997 -44.88002 moveto
43.04666 -44.6867 43.04666 -44.37329 43.23997 -44.17998 curveto
43.43329 -43.98666 43.7467 -43.98666 43.94002 -44.17998 curveto
44.13333 -44.37329 44.13333 -44.6867 43.94002 -44.88002 curveto
43.7467 -45.07333 43.43329 -45.07333 43.23997 -44.88002 curveto closepath fill
 0.6 0.6 0.6 setrgbcolor
newpath 43.23997 -44.88002 moveto
43.04666 -44.6867 43.04666 -44.37329 43.23997 -44.17998 curveto
43.43329 -43.98666 43.7467 -43.98666 43.94002 -44.17998 curveto
44.13333 -44.37329 44.13333 -44.6867 43.94002 -44.88002 curveto
43.7467 -45.07333 43.43329 -45.07333 43.23997 -44.88002 curveto closepath stroke
-1 THsetalpha
 0 0 0 0 setcmykcolor
newpath 22.89998 -54.89001 moveto
22.70667 -54.6967 22.70667 -54.38329 22.89998 -54.18997 curveto
23.09329 -53.99666 23.40671 -53.99666 23.60002 -54.18997 curveto
23.79333 -54.38329 23.79333 -54.6967 23.60002 -54.89001 curveto
23.40671 -55.08333 23.09329 -55.08333 22.89998 -54.89001 curveto closepath fill
 0.6 0.6 0.6 setrgbcolor
newpath 22.89998 -54.89001 moveto
22.70667 -54.6967 22.70667 -54.38329 22.89998 -54.18997 curveto
23.09329 -53.99666 23.40671 -53.99666 23.60002 -54.18997 curveto
23.79333 -54.38329 23.79333 -54.6967 23.60002 -54.89001 curveto
23.40671 -55.08333 23.09329 -55.08333 22.89998 -54.89001 curveto closepath stroke
-1 THsetalpha
 0 0 0 0 setcmykcolor
newpath 14.03998 -58.32002 moveto
13.84666 -58.12671 13.84666 -57.8133 14.03998 -57.61998 curveto
14.23329 -57.42667 14.5467 -57.42667 14.74002 -57.61998 curveto
14.93333 -57.8133 14.93333 -58.12671 14.74002 -58.32002 curveto
14.5467 -58.51334 14.23329 -58.51334 14.03998 -58.32002 curveto closepath fill
 0.6 0.6 0.6 setrgbcolor
newpath 14.03998 -58.32002 moveto
13.84666 -58.12671 13.84666 -57.8133 14.03998 -57.61998 curveto
14.23329 -57.42667 14.5467 -57.42667 14.74002 -57.61998 curveto
14.93333 -57.8133 14.93333 -58.12671 14.74002 -58.32002 curveto
14.5467 -58.51334 14.23329 -58.51334 14.03998 -58.32002 curveto closepath stroke
-1 THsetalpha
 0 0 0 0 setcmykcolor
newpath 26.13998 -107.53001 moveto
25.94667 -107.3367 25.94667 -107.02328 26.13998 -106.82997 curveto
26.3333 -106.63666 26.64671 -106.63666 26.84003 -106.82997 curveto
27.03334 -107.02328 27.03334 -107.3367 26.84003 -107.53001 curveto
26.64671 -107.72333 26.3333 -107.72333 26.13998 -107.53001 curveto closepath fill
 0.6 0.6 0.6 setrgbcolor
newpath 26.13998 -107.53001 moveto
25.94667 -107.3367 25.94667 -107.02328 26.13998 -106.82997 curveto
26.3333 -106.63666 26.64671 -106.63666 26.84003 -106.82997 curveto
27.03334 -107.02328 27.03334 -107.3367 26.84003 -107.53001 curveto
26.64671 -107.72333 26.3333 -107.72333 26.13998 -107.53001 curveto closepath stroke
-1 THsetalpha
 0 0 0 0 setcmykcolor
newpath 9.57997 -89.67003 moveto
9.38666 -89.47672 9.38666 -89.1633 9.57997 -88.96999 curveto
9.77328 -88.77667 10.0867 -88.77667 10.28001 -88.96999 curveto
10.47333 -89.1633 10.47333 -89.47672 10.28001 -89.67003 curveto
10.0867 -89.86334 9.77328 -89.86334 9.57997 -89.67003 curveto closepath fill
 0.6 0.6 0.6 setrgbcolor
newpath 9.57997 -89.67003 moveto
9.38666 -89.47672 9.38666 -89.1633 9.57997 -88.96999 curveto
9.77328 -88.77667 10.0867 -88.77667 10.28001 -88.96999 curveto
10.47333 -89.1633 10.47333 -89.47672 10.28001 -89.67003 curveto
10.0867 -89.86334 9.77328 -89.86334 9.57997 -89.67003 curveto closepath stroke
showpage
%%EOF
