%!PS
%%BoundingBox: -42 -84 42 84 
%%HiResBoundingBox: -41.53252 -83.56252 41.1625 83.5225 
%%Creator: MetaPost 2.01
%%CreationDate: 2023.02.28:1206
%%Pages: 1
%%BeginProlog
%%EndProlog
%%Page: 1 1
 0 0.24501 dtransform truncate idtransform setlinewidth pop [] 0 setdash
 1 setlinecap 1 setlinejoin 10 setmiterlimit
newpath 19.02 51.66 moveto
19.02 51.66 12.77 64.71 11.08 67.15 curveto
9.39 69.58 8.07 71.92 8.07 71.92 curveto
8.43 81.68 lineto
2.19 83.4 lineto
-4.17 77.65 lineto
-4.17 77.65 -9.49 71.25 -11.58 67.91 curveto
-13.68 64.57 -29.42 37.79 -30.66 36.17 curveto
-31.9 34.55 -34.22 30.47 -35.72 29.31 curveto
-37.22 28.16 -41.41 23.02 -41.41 23.02 curveto
-41.41 23.02 -32.55 -7.4 -32.59 -8.96 curveto
-32.63 -10.52 -31.17 -10.93 -31.4 -15.99 curveto
-31.62 -21.04 -28.15 -25.56 -28.15 -25.56 curveto
-28.15 -25.56 -36.15 -31.62 -37.29 -32.88 curveto
-38.42 -34.14 -40.66 -35.1 -40.66 -35.1 curveto
-40.66 -35.1 -40.36 -52.49 -37.5 -59.18 curveto
-34.64 -65.88 -33.32 -68.22 -33.32 -68.22 curveto
-30.12 -71.58 lineto
-29.11 -75.71 lineto stroke
newpath -20.35 -78.32 moveto
-19.04 -74.97 lineto
-12.65 -70.43 lineto
-7.06 -70.25 lineto
-7.06 -70.25 -5.26 -78.59 -2.72 -76.54 curveto
-0.18 -74.49 3.37 -73.71 3.37 -73.71 curveto
3.37 -73.71 6.38 -74.5 9.85 -75.19 curveto
10.18 -75.26 11.56 -76.9 12.23 -78.69 curveto
12.97 -80.65 13.38 -82.85 13.38 -82.85 curveto stroke
newpath 19.29 -83.44 moveto
19.29 -83.44 18.34 -81.4 18.42 -79.52 curveto
18.51 -77.61 19.62 -75.85 19.8 -75.71 curveto
21.86 -73.92 20.21 -62.43 22.26 -58.09 curveto
24.31 -53.74 29.76 -49.92 29.76 -49.92 curveto
29.76 -49.92 36.29 -52.48 39.63 -49.69 curveto
41.36 -48.25 39.76 -43.33 39.62 -42.83 curveto
38.33 -38.54 lineto
41.04 -23.13 lineto
41.04 -23.13 38.8 -19.74 36.7 -18.76 curveto
34.61 -17.78 31.84 -11.87 31.84 -11.87 curveto
30.46 -2.59 lineto stroke
newpath 26.25 -4.35 moveto
25.15 -9.78 25.79 -15.65 30.69 -19.13 curveto
36.27 -21.98 34.28 -27.42 32.3 -32.04 curveto
31.3 -37.07 29.13 -41.54 25.35 -44.74 curveto
24.01 -49.98 17.52 -51.61 16.77 -57.48 curveto
12.45 -62.13 6.34 -64.91 0.08 -65.7 curveto
-4.63 -63.76 -6.72 -57.14 -13.02 -58.9 curveto
-18.74 -59.31 -19.5 -72.09 -25.71 -65.22 curveto
-29.62 -60.88 -29.86 -54.64 -31.87 -49.37 curveto
-33.72 -44.52 -34.99 -38.15 -29.98 -34.65 curveto
-26.25 -32.03 -20.9 -29.62 -20.39 -24.56 curveto
-23.09 -13.97 -26.71 -3.6 -28.75 7.12 curveto
-28.95 12.26 -29.35 17.37 -30.69 22.35 curveto
-32.13 24.82 -29.75 24.94 -27.87 25.37 curveto
-25.32 25.17 -26.08 27.65 -25.87 29.34 curveto
-22.23 34 -18 38.24 -15.16 43.55 curveto
-11.88 49.68 -8.44 55.78 -4.83 61.58 curveto
-3.3 62.64 -1.77 63.7 -0.24 64.77 curveto
5.22 63.59 6.6 56.94 9.52 52.86 curveto
9.98 51.83 10.43 50.8 10.86 49.75 curveto stroke
showpage
%%EOF
