%!PS
%%BoundingBox: -70 -144 70 143 
%%HiResBoundingBox: -69.56673 -143.07751 69.03581 142.57 
%%Creator: MetaPost 2.01
%%CreationDate: 2023.02.28:1206
%%Pages: 1
%%BeginProlog
%%EndProlog
%%Page: 1 1
 0 0 0 1 setcmykcolor 0 0.7 dtransform truncate idtransform setlinewidth pop
 [] 0 setdash 1 setlinecap 1 setlinejoin 10 setmiterlimit
newpath 61.53 135.56 moveto
61.53 135.56 61.07 135.68 58.54 135.87 curveto
55.96 136.06 56.63 137.78 55.72 137.61 curveto
54.81 137.43 53.52 136.88 52.96 137.65 curveto
52.41 138.43 51.81 139.48 51.81 139.48 curveto
51.81 139.48 51.24 138.69 50.65 138.74 curveto
50.07 138.79 45.7 142.22 45.7 142.22 curveto stroke
newpath 37.9 134.24 moveto
39.44 131.05 lineto
39.87 127.89 lineto
36.4 123.59 lineto
36.4 123.59 33.81 121.59 33.16 121.29 curveto
32.52 120.98 29.95 120.89 29.65 120.41 curveto
29.34 119.92 28.3 118.4 28.06 117.8 curveto
27.81 117.2 27.24 115.34 27.24 115.34 curveto
27.24 115.34 27.44 113.57 27.33 113.12 curveto
27.21 112.67 25.96 110.03 25.87 109.67 curveto
25.78 109.32 25.52 107.95 25.52 107.95 curveto stroke
newpath 26.88 106.56 moveto
26.88 106.56 27.07 109.56 27.88 108.97 curveto
28.68 108.39 28.99 106.98 29.14 105.7 curveto
29.29 104.43 30.11 99.39 30.04 98.75 curveto
29.98 98.1 30.3 95.27 30.43 94.66 curveto
30.57 94.06 30.37 90.68 30.21 90.06 curveto
30.05 89.43 30.82 86.11 30.82 86.11 curveto
30.82 86.11 30.92 83.13 30.8 82.69 curveto
30.69 82.24 30.59 80.74 30.59 80.74 curveto
28.49 80.71 lineto stroke
newpath 28.01 78.45 moveto
28.01 78.45 29.58 79 29.62 77.66 curveto
29.66 76.32 29.67 74.89 29.67 74.89 curveto
28.4 69.52 lineto
27.94 66.59 lineto
27.11 66.33 lineto
26.76 67.56 lineto stroke
newpath 25.62 67.56 moveto
23.39 62.91 lineto
22.53 60.27 lineto
22.53 60.27 23.52 57.83 23.45 57.19 curveto
23.38 56.54 23.26 54.19 23.17 53.84 curveto
23.08 53.48 21.99 51.47 21.77 50.96 curveto
21.54 50.45 19.71 45.87 19.71 45.87 curveto
19.71 45.87 18.79 44.11 18.49 42.95 curveto
18.19 41.79 16.91 38.98 16.91 38.98 curveto
16.91 38.98 15.56 36.28 15.33 35.39 curveto
15.1 34.5 14.53 31.89 14.53 31.89 curveto
14.53 31.89 13.39 31.13 13.3 30.78 curveto
13.21 30.42 12.46 27.86 12.46 27.86 curveto
12.46 27.86 11.77 24.8 11.59 24.46 curveto
11.41 24.13 10.74 22.21 10.74 22.21 curveto
9.47 20.25 lineto stroke
newpath 0.16 -51.68 moveto
0.16 -51.68 -1.26 -51.05 -1.37 -50.82 curveto
-1.48 -50.59 -1.68 -49.93 -1.98 -49.93 curveto
-2.28 -49.92 -3.92 -50 -3.92 -50 curveto
-3.92 -50 -3.91 -49.7 -4.47 -49.8 curveto
-5.03 -49.89 -6.2 -50.26 -6.44 -50.13 curveto
-6.67 -50.01 -7.72 -49.88 -7.72 -49.88 curveto
-8.56 -50.3 lineto
-8.56 -50.3 -8.45 -48.68 -8.23 -48.47 curveto
-8.01 -48.25 -7.28 -46.96 -7.1 -46.8 curveto
-6.93 -46.65 -6.6 -46.02 -6.87 -45.89 curveto
-7.14 -45.75 -7.02 -45.31 -7.53 -45.45 curveto
-8.04 -45.59 -9.18 -46 -9.39 -46.02 curveto
-9.59 -46.03 -10.16 -46.02 -10.59 -46.12 curveto
-11.02 -46.21 -11.57 -46.67 -11.8 -46.78 curveto
-12.03 -46.89 -13 -47.12 -13.18 -47.07 curveto
-14.92 -46.63 lineto
-15.08 -46.59 -15.76 -46.38 -15.82 -46.19 curveto
-15.87 -46.01 -16.74 -45.05 -16.88 -44.28 curveto
-17.02 -43.5 -17.48 -43.08 -17.9 -41.97 curveto
-18.32 -40.85 -17.83 -41.04 -18.84 -40.79 curveto
-19.85 -40.53 -20.13 -40.56 -20.29 -40.52 curveto
-20.44 -40.48 -21.53 -39.87 -21.76 -39.57 curveto
-21.99 -39.28 -22.74 -39.06 -23.38 -38.82 curveto
-24.03 -38.59 -25.64 -37.64 -25.74 -37.52 curveto
-25.84 -37.39 -26.33 -37.06 -26.83 -36.9 curveto
-27.32 -36.74 -27.82 -36.31 -27.87 -36.1 curveto
-27.91 -35.89 -27.53 -35.18 -27.68 -34.7 curveto
-27.83 -34.23 -28.36 -33.15 -28.34 -32.96 curveto
-28.32 -32.76 -28.2 -31.62 -28.2 -31.62 curveto stroke
newpath 10.83 18.1 moveto
10.83 18.1 12.31 20.57 12.42 19.5 curveto
12.53 18.43 15.86 13.59 15.86 13.59 curveto
18.44 10.65 lineto
18.44 10.65 20.23 6.86 20.14 6.51 curveto
20.05 6.15 21.8 2.95 21.8 2.95 curveto
21.8 2.95 23.91 -4.06 24.82 -4.57 curveto
25.74 -5.09 28.15 -9.03 28.15 -9.03 curveto
28.15 -9.03 30.5 -12.87 30.57 -13.36 curveto
30.63 -13.85 33.3 -17.19 33.23 -17.84 curveto
33.16 -18.48 32.75 -20.09 32.37 -20.09 curveto
31.99 -20.09 29.31 -20.16 28.81 -20.61 curveto
28.32 -21.05 26.44 -22.1 26.72 -22.83 curveto
27.01 -23.57 27.9 -25.32 27.87 -25.79 curveto
27.85 -26.26 28.24 -29.21 28.24 -29.21 curveto
28.24 -29.21 29.74 -33.77 29.44 -35.31 curveto
29.14 -36.85 29.96 -38.49 29.96 -38.49 curveto
29.96 -38.49 31.57 -38.52 31.48 -39.25 curveto
31.38 -39.99 32.1 -40.55 30.73 -41.82 curveto
29.36 -43.09 27.88 -44.8 27.54 -45.38 curveto
27.2 -45.96 24.87 -48.03 24.58 -48.43 curveto
24.28 -48.83 21.75 -51.32 21.16 -52.12 curveto
20.58 -52.92 18.18 -55.26 17.89 -55.66 curveto
17.59 -56.06 16.56 -57.89 16.15 -58.35 curveto
15.75 -58.82 13.63 -62.27 13.63 -62.27 curveto
13.63 -62.27 12.77 -61.2 12.88 -60.75 curveto
12.99 -60.3 12.92 -59.5 12.86 -58.68 curveto
12.8 -57.86 12.65 -57.12 12.62 -56.74 curveto
12.58 -56.36 12.11 -55.97 11.79 -55.89 curveto
11.47 -55.81 10.16 -55.54 9.85 -55.46 curveto
9.53 -55.38 7.3 -55.18 7.3 -55.18 curveto
7.3 -55.18 5.81 -54.8 5.7 -54.71 curveto
5.59 -54.61 4.92 -54.33 4.34 -54.12 curveto stroke
newpath 4.54 -55.86 moveto
4.75 -55.94 5.34 -56.02 6.22 -56.25 curveto
7.1 -56.48 9 -57.06 9.32 -57.14 curveto
9.64 -57.22 10.43 -57.26 10.56 -57.42 curveto
10.68 -57.59 11.81 -58.85 11.74 -59.13 curveto
11.66 -59.42 11.34 -62.02 11.28 -62.24 curveto
11.22 -62.47 10.72 -63.65 10.63 -64 curveto
10.54 -64.34 9.72 -65.85 9.59 -66.08 curveto
9.47 -66.32 8.32 -67.37 8.13 -67.59 curveto
7.94 -67.81 6.68 -69.48 6.53 -69.67 curveto
6.38 -69.87 5.83 -70.57 5.6 -71.32 curveto
5.38 -72.07 4.86 -73.05 5.19 -73.33 curveto
5.52 -73.62 5.99 -75.75 6.06 -76.01 curveto
6.13 -76.26 6.98 -77.25 7.43 -77.36 curveto
7.87 -77.47 8.81 -77.75 8.88 -78.13 curveto
8.94 -78.52 10.13 -80.74 10.16 -80.88 curveto
10.19 -81.02 11.27 -82.04 11.58 -82.15 curveto
11.89 -82.26 12.33 -82.91 12.33 -83.05 curveto
12.33 -83.18 12.45 -83.89 12.19 -85.06 curveto
11.92 -86.24 11.24 -89.02 11.08 -89.65 curveto
10.92 -90.28 10.34 -92.02 10.19 -92.62 curveto
10.04 -93.22 9.44 -94.78 9.5 -94.93 curveto
9.56 -95.08 10.09 -96.72 10.06 -97.09 curveto
10.04 -97.45 9.72 -98.55 9.77 -98.76 curveto
9.82 -98.97 10.11 -100.06 10.16 -100.37 curveto
10.22 -100.69 10.14 -103.39 10.14 -103.39 curveto
10.14 -103.39 10.16 -104.47 9.74 -105.07 curveto
9.32 -105.67 8.59 -107.47 9 -107.57 curveto
9.41 -107.68 11.66 -107.17 12.2 -107.18 curveto
12.73 -107.18 14.09 -106.72 14.95 -106.5 curveto
15.82 -106.28 18.56 -105.94 18.56 -105.94 curveto
18.56 -105.94 18.28 -105.7 19.78 -105.61 curveto
21.29 -105.53 23.29 -106.74 23.45 -106.78 curveto
23.61 -106.82 28.09 -109.04 28.09 -109.04 curveto
28.09 -109.04 30.86 -111.09 31.17 -111.17 curveto
31.49 -111.25 32.94 -111.89 33.29 -111.98 curveto
33.64 -112.07 35.12 -111.64 35.52 -112.04 curveto
35.92 -112.45 37.51 -114 38.14 -114.16 curveto
38.78 -114.32 39.89 -115.34 40.37 -115.57 curveto
40.85 -115.79 44.78 -119.78 46.05 -120.34 curveto
47.32 -120.9 48.32 -121.32 48.34 -121.63 curveto
48.36 -121.94 48.85 -122.8 49.26 -122.91 curveto
49.67 -123.01 51.05 -123.93 51.4 -123.99 curveto
51.76 -124.05 56.02 -125.24 56.15 -125.27 curveto
56.28 -125.3 60.97 -126.66 61.48 -126.66 curveto
61.98 -126.65 63.96 -127.32 64.21 -127.42 curveto
64.45 -127.52 65.16 -128.67 65.06 -129.45 curveto
64.97 -130.24 65.37 -130.78 65.42 -132.27 curveto
65.48 -133.76 65.25 -135.32 65.15 -135.83 curveto
65.06 -136.34 64.92 -137.95 65.18 -138.22 curveto
65.45 -138.49 65.84 -139.6 65.93 -139.76 curveto
66.03 -139.92 65.86 -140.98 65.86 -140.98 curveto
65.98 -141.96 lineto stroke
newpath -29.61 -32.4 moveto
-29.61 -32.4 -28.9 -33.05 -29.06 -33.95 curveto
-29.23 -34.85 -29.33 -35.39 -29.36 -35.52 curveto
-29.4 -35.64 -29.18 -37.04 -29.18 -37.04 curveto
-29.18 -37.04 -28.56 -38.04 -27.53 -38.34 curveto
-26.49 -38.64 -25.51 -39.26 -25.17 -39.51 curveto
-24.83 -39.76 -23.65 -41.31 -22.98 -41.48 curveto
-22.32 -41.65 -21.58 -42.44 -21.27 -42.52 curveto
-20.95 -42.6 -20.48 -42.72 -20.23 -42.65 curveto
-19.97 -42.58 -19.24 -42.23 -19.21 -42.48 curveto
-19.17 -42.72 -19.05 -42.78 -19.05 -42.78 curveto
-19.05 -42.78 -18.64 -43.69 -18.49 -44 curveto
-18.33 -44.31 -17.98 -45.98 -17.98 -45.98 curveto
-17.98 -45.98 -17.73 -46.98 -17.17 -47.13 curveto
-16.6 -47.27 -15.2 -48.37 -14.98 -48.43 curveto
-14.76 -48.48 -13.3 -49.12 -13.15 -49.19 curveto
-13.01 -49.26 -11.7 -50.34 -11.48 -50.39 curveto
-11.26 -50.45 -9.7 -51.22 -9.38 -51.27 curveto
-9.06 -51.31 -7.54 -51.43 -7.19 -51.52 curveto
-6.85 -51.61 -5.72 -52.06 -5.18 -51.93 curveto
-4.64 -51.8 -4.3 -51.75 -4.01 -51.96 curveto
-3.73 -52.17 -3.04 -52.48 -2.71 -52.66 curveto
-2.39 -52.85 -0.55 -52.89 -0.57 -53.48 curveto stroke
newpath 68.44 -140.6 moveto
68.46 -140.13 68.38 -136.48 68.41 -136.36 curveto
68.45 -136.23 68.86 -134.49 68.6 -133.52 curveto
68.34 -132.54 68.6 -131.8 68.35 -130.69 curveto
68.09 -129.59 67.73 -128.08 67.86 -127.34 curveto
67.98 -126.6 68.71 -126.22 67.6 -125.03 curveto
66.5 -123.84 63.16 -123.49 62.45 -123.11 curveto
61.74 -122.73 58.39 -121.9 58.24 -121.83 curveto
58.09 -121.76 54.41 -119.82 53.97 -119.7 curveto
53.53 -119.59 51.2 -119.37 51.04 -119.33 curveto
50.89 -119.29 47.45 -116.93 47.11 -116.71 curveto
46.76 -116.49 44.23 -114.43 44.23 -114.43 curveto
44.23 -114.43 42.02 -112.79 41.6 -112.59 curveto
41.19 -112.38 39.18 -111.13 38.9 -110.92 curveto
38.62 -110.72 36.26 -108.64 36.1 -108.6 curveto
35.94 -108.56 34.49 -108.05 33.74 -108.09 curveto
32.99 -108.14 30.95 -108.09 30.39 -107.51 curveto
29.83 -106.93 26.64 -105.48 26.64 -105.48 curveto
26.64 -105.48 23.32 -104.53 23.08 -104.54 curveto
22.85 -104.55 21.13 -104.14 20.86 -104.04 curveto
20.58 -103.94 19.67 -103.84 19.41 -103.91 curveto
19.16 -103.98 16.39 -104.41 15.98 -104.31 curveto
15.57 -104.21 13.98 -104.27 13.82 -104.36 curveto
13.66 -104.46 12.92 -104.74 12.51 -104.5 curveto
12.1 -104.26 11.72 -104.03 11.74 -103.83 curveto
11.75 -103.64 12.29 -101.79 12.29 -101.52 curveto
12.29 -101.25 12.63 -98.88 12.57 -98.6 curveto
12.5 -98.32 12.43 -96.38 12.45 -96.15 curveto
12.48 -95.92 12.93 -95.2 12.62 -94.55 curveto
12.32 -93.9 12.58 -91.14 12.62 -90.99 curveto
12.66 -90.83 12.74 -89.2 13.29 -88.5 curveto
13.84 -87.8 15.04 -85.99 15.22 -85.8 curveto
15.41 -85.61 16.28 -84.83 16.32 -84.67 curveto
16.36 -84.51 16.29 -83.72 16.29 -83.72 curveto
16.29 -83.72 15.9 -83.15 16.25 -82.97 curveto
16.59 -82.79 16.77 -82.77 16.77 -82.77 curveto stroke
newpath 16.52 -81.36 moveto
16.52 -81.36 14.84 -81.91 14.52 -81.83 curveto
14.21 -81.74 14.23 -81.01 13.67 -80.83 curveto
13.11 -80.66 12.14 -80.11 12.03 -79.98 curveto
11.93 -79.85 10.51 -78.58 10.51 -78.58 curveto
9.85 -76.7 lineto
9.85 -76.7 9.01 -75.11 8.68 -74.93 curveto
8.36 -74.74 7.95 -73.19 7.88 -72.94 curveto
7.81 -72.69 7.61 -72.13 7.7 -71.92 curveto
7.79 -71.71 9.98 -69.04 9.98 -69.04 curveto
9.98 -69.04 11.09 -67.74 11.25 -67.62 curveto
11.42 -67.49 12.02 -66.73 12.29 -66.7 curveto
12.57 -66.67 13.31 -66.8 13.63 -67.11 curveto
13.96 -67.43 14.23 -67.54 14.23 -67.54 curveto stroke
newpath 14.62 -66.66 moveto
14.62 -66.66 14.02 -65.33 14.15 -65.23 curveto
14.28 -65.13 15.37 -64.66 15.4 -64.14 curveto
15.44 -63.61 16.07 -61.92 16.07 -61.92 curveto
16.07 -61.92 16.88 -60.58 16.96 -60.4 curveto
17.04 -60.22 17.58 -58.21 18.51 -57.1 curveto
19.43 -55.99 22.39 -52.68 22.85 -52.42 curveto
23.32 -52.17 25.07 -50.71 25.37 -50.21 curveto
25.66 -49.71 26.65 -48.75 27.07 -48.29 curveto
27.49 -47.83 28.99 -46.29 29.01 -45.96 curveto
29.02 -45.63 30.46 -44.08 30.56 -43.97 curveto
30.65 -43.86 32.4 -41.88 32.82 -41.55 curveto
33.24 -41.22 34.39 -40.54 34.46 -40.26 curveto
34.53 -39.97 34.87 -38.65 34.76 -38.55 curveto
34.65 -38.46 34.43 -37.73 34.19 -37.63 curveto
33.94 -37.54 32.09 -36.63 31.95 -36.53 curveto
31.81 -36.42 31.29 -35.82 31.23 -35.64 curveto
31.18 -35.46 30.26 -33.51 30.33 -33.26 curveto
30.39 -33 30.59 -32.48 30.59 -32.48 curveto
30.69 -30.53 lineto
31.08 -27.67 lineto
31.08 -27.67 30.98 -27 31.03 -26.81 curveto
31.08 -26.62 31.59 -25.92 33.01 -26.44 curveto
34.42 -26.97 35.8 -27.22 35.8 -27.22 curveto stroke
newpath 36.42 -25.3 moveto
36.42 -25.3 33.76 -25.19 34.1 -24.81 curveto
34.43 -24.42 35.77 -23.92 36.09 -23.16 curveto
36.42 -22.41 37.51 -20 37.51 -20 curveto
37.51 -20 37.72 -19.04 37.41 -18.79 curveto
37.1 -18.55 35.22 -16.45 35.07 -16.38 curveto
34.92 -16.31 33.42 -14.01 33.42 -14.01 curveto
32.91 -12.57 lineto
32.91 -12.57 31.6 -11.26 31.63 -11.14 curveto
31.66 -11.01 31.4 -10.34 31.41 -10.04 curveto
31.42 -9.74 30.83 -8.08 30.83 -8.08 curveto
30.83 -8.08 28.82 -4.48 27.95 -2.51 curveto
27.07 -0.53 25.5 2.92 25.5 2.92 curveto
25.5 2.92 23.41 6.72 22.79 7.72 curveto
22.17 8.71 20.61 11.7 20.51 11.83 curveto
20.41 11.95 20.98 12.48 20 12.86 curveto
19.03 13.25 18.38 14.29 18.26 14.35 curveto
18.15 14.41 15.93 17.46 15.93 17.46 curveto
15.93 17.46 14.06 20.8 14.2 21.37 curveto
14.35 21.94 15.75 27.05 15.79 27.21 curveto
15.83 27.37 18.09 33.58 18.26 34.24 curveto
18.43 34.91 19.32 36.56 19.43 37.27 curveto
19.55 37.98 22.8 46.26 23.26 46.88 curveto
23.72 47.51 26.3 54.05 26.77 54.46 curveto
27.25 54.88 28.28 56.43 28.51 57.08 curveto
28.75 57.72 29.29 58.93 29.29 58.93 curveto
30.02 59.55 lineto
31.34 61.57 lineto
31.34 61.57 32.67 63.91 32.78 64.32 curveto
32.88 64.73 32.31 66.16 32.31 66.16 curveto
31.51 68.98 lineto stroke
newpath 30.16 65.77 moveto
30.16 65.77 30.54 64.09 30.46 63.81 curveto
30.39 63.52 29.08 60.87 28.88 60.75 curveto
28.68 60.63 27.07 58.92 26.88 58.84 curveto
26.69 58.75 25.89 58.25 25.97 59.24 curveto
26.06 60.22 26.56 61.81 26.66 61.95 curveto
26.77 62.09 28.69 63.45 28.84 63.65 curveto
28.99 63.84 29.51 64.55 29.61 64.8 curveto
29.7 65.04 30.16 65.77 30.16 65.77 curveto closepath stroke
newpath 31.61 69.23 moveto
31.61 69.23 31.87 71.44 31.93 71.67 curveto
31.98 71.89 33.43 78.47 33.43 78.47 curveto
33.43 78.47 33.86 79.91 34.01 80.78 curveto
34.17 81.65 34.38 85.63 34.39 85.79 curveto
34.39 85.96 34.17 89.04 34.24 89.32 curveto
34.31 89.61 34.24 91.94 34.23 92.18 curveto
34.22 92.42 34.76 93.97 34.48 96.32 curveto
34.2 98.67 32.59 99.88 32.59 99.88 curveto
33.09 102.9 lineto
32.96 106.25 lineto
32.31 108.87 lineto
32.31 108.87 32.58 113.88 32.72 114.45 curveto
32.87 115.02 32.51 115.85 33.28 116.26 curveto
34.05 116.66 34.38 117.58 35.64 118.17 curveto
36.91 118.76 40.57 120.38 40.61 120.53 curveto
40.66 120.69 42.06 122.97 42.24 123.18 curveto
42.42 123.4 44.27 125.58 44.52 125.65 curveto
44.78 125.72 46.33 128.51 46.66 129 curveto
46.99 129.49 44.54 131.08 48.03 130.18 curveto
51.52 129.28 55.22 127.18 55.54 127.1 curveto
55.87 127.02 57.46 126.1 57.92 126.05 curveto
58.37 126 60.05 125.22 60.05 125.22 curveto stroke
 1 0.85715 0 0.3 setcmykcolor 0 0.24501
 dtransform truncate idtransform setlinewidth pop
newpath 39.41 -112.95 moveto
38.0445 -113.76071 36.32065 -113.00491 36.202 -111.54283 curveto
36.09782 -110.2593 34.46486 -110.09506 32.99384 -110.13557 curveto
31.34137 -110.18108 29.54826 -110.01741 29.78569 -108.72833 curveto
30.02817 -107.41188 28.27547 -106.56934 26.57484 -107.32729 curveto
25.13301 -107.9699 23.4796 -107.30753 23.36327 -105.92809 curveto
23.25488 -104.64279 21.48582 -104.37805 19.97389 -105.21675 curveto
18.91914 -105.80185 17.66599 -105.48904 16.49988 -105.16809 curveto
15.27582 -104.83119 13.9182 -104.92123 13.05943 -105.82828 curveto
11.82138 -107.13594 9.85904 -105.14491 11.25804 -103.89586 curveto
12.2596 -103.00166 12.028 -101.40204 10.98622 -100.40321 curveto
10.05461 -99.51003 10.05272 -98.05876 10.71445 -96.91057 curveto
11.43874 -95.65382 12.1607 -94.18268 11.1002 -93.47452 curveto
10.02866 -92.75899 10.779 -91.20744 11.96423 -90.07951 curveto
13.00229 -89.09164 13.73888 -87.70593 12.92395 -86.71216 curveto
12.01807 -85.60747 12.58734 -83.92693 14.00102 -83.37866 curveto
15.27832 -82.88329 14.63405 -80.29628 12.24092 -80.75876 curveto
10.8641 -81.02484 9.65721 -79.81024 9.71486 -78.33156 curveto
9.77066 -76.90018 9.3606 -75.38751 8.09836 -75.28432 curveto
6.31923 -75.13887 5.56783 -73.08228 6.76201 -72.04602 curveto
7.83022 -71.11908 9.12456 -70.09772 8.42818 -69.02455 curveto
7.68051 -67.87236 8.70619 -66.35934 10.33298 -66.08553 curveto
11.98862 -65.80685 12.803 -64.06425 11.85422 -63.0258 curveto
10.82162 -61.89561 10.88318 -60.16196 12.11098 -59.53206 curveto
14.2779 -58.42035 12.34361 -55.67998 10.8463 -56.85956 curveto
9.76509 -57.71133 8.16423 -56.97824 7.62524 -55.5136 curveto
7.1242 -54.15204 5.50972 -53.58115 4.31516 -54.3664 curveto
3.20049 -55.09912 1.74779 -54.29483 1.12587 -52.92899 curveto
0.59709 -51.76767 -0.78877 -51.36694 -2.0939 -51.58122 curveto
-3.29326 -51.77814 -4.53122 -51.51373 -5.49133 -50.77011 curveto
-6.60565 -49.90706 -8.13327 -49.64825 -8.98604 -50.6307 curveto
-9.8543 -51.631 -11.43309 -49.38507 -9.32222 -47.7304 curveto
-8.25557 -46.89426 -10.44565 -46.44179 -11.76715 -47.92096 curveto
-13.37775 -49.72375 -15.48566 -48.6607 -15.0732 -47.4692 curveto
-14.5694 -46.0138 -15.99171 -44.59088 -17.57236 -45.02623 curveto
-19.67245 -45.60466 -20.75162 -42.66594 -18.83542 -41.75864 curveto
-17.09013 -40.93227 -19.98206 -41.05452 -21.79001 -41.22629 curveto
-23.17609 -41.35797 -24.49648 -40.52739 -24.58562 -39.21442 curveto
-24.68198 -37.79497 -26.30765 -37.0132 -27.67894 -37.70004 curveto
-28.68585 -38.20438 -29.77003 -36.55849 -28.66669 -34.77658 curveto
-28.00058 -33.70084 -29.02237 -32.51428 -29.14 -31.31 curveto
-29.14 -31.31 lineto stroke
newpath -27.42113 -34.92183 moveto
-27.42386 -34.73535 -27.4098 -34.53827 -27.37608 -34.33154 curveto
-27.17238 -33.08278 -28.57047 -32.3776 -29.14 -31.31 curveto
-29.14 -31.31 lineto
-29.14 -31.31 lineto
-29.49219 -32.46762 -29.00227 -33.95488 -30.02934 -34.69382 curveto
-30.19936 -34.81613 -30.34866 -34.94556 -30.47859 -35.07936 curveto
 closepath stroke
newpath -27.42113 -34.92183 moveto
-27.42386 -34.73535 -27.4098 -34.53827 -27.37608 -34.33154 curveto
-27.17238 -33.08278 -28.57047 -32.3776 -29.14 -31.31 curveto
-29.14 -31.31 lineto
-29.14 -31.31 lineto
-29.49219 -32.46762 -29.00227 -33.95488 -30.02934 -34.69382 curveto
-30.19936 -34.81613 -30.34866 -34.94556 -30.47859 -35.07936 curveto
 closepath fill
 0 0 0 1 setcmykcolor 0 0.7 dtransform truncate idtransform setlinewidth pop
newpath 31.85 -24.59 moveto
31.85 -24.59 30.57 -24.19 30.27 -24.03 curveto
29.98 -23.87 30.23 -23.47 30.29 -23.05 curveto
30.35 -22.62 31.71 -22.08 32.1 -21.95 curveto
32.49 -21.81 33.69 -21.66 33.84 -21.92 curveto
33.99 -22.17 33.65 -22.26 33.6 -22.46 curveto
33.55 -22.67 32.49 -24.36 31.85 -24.59 curveto closepath stroke
newpath -65.28 -19.57 moveto
-63.69 -20.54 -62.11 -21.52 -60.53 -22.5 curveto
-59.9 -26.46 lineto
-60.47 -27.44 -61.04 -28.43 -61.61 -29.42 curveto
-60.7 -30.88 -59.78 -32.35 -58.87 -33.81 curveto
-61.22 -35.3 -63.56 -36.83 -65.94 -38.29 curveto
-67.77 -38.93 -69.23 -40.97 -68.03 -42.81 curveto
-67.28 -44.54 -66.27 -46.15 -65.22 -47.71 curveto
-64.77 -44.83 -64.31 -41.95 -63.86 -39.07 curveto
-61.97 -37.87 -60.08 -36.68 -58.19 -35.48 curveto
-53.84 -34.44 -49.92 -32.06 -45.54 -31.1 curveto
-42.54 -30.05 -39.98 -28.09 -37.17 -26.64 curveto
-35.68 -26.1 -34.3 -24.27 -32.6 -24.94 curveto
-30.99 -26.04 -30.7 -28.16 -30.18 -29.9 curveto
-29.93 -30.72 -29.78 -31.56 -29.61 -32.4 curveto stroke
newpath -28.2 -31.62 moveto
-28.94 -27.05 lineto
-30.07 -23.54 lineto
-28.48 -20.87 lineto
-28.48 -20.87 -27.33 -14.9 -25.72 -13.28 curveto
-24.11 -11.66 -21.66 -11.31 -19.72 -8.91 curveto
-17.78 -6.5 -16.07 -3.54 -15.46 -1.03 curveto
-14.86 1.48 -6.34 16 -6.34 16 curveto
-0.43 17.03 lineto
-0.43 17.03 8.27 16.42 10.83 18.1 curveto stroke
newpath 9.47 20.25 moveto
3.97 19.57 -1.63 21.27 -7.12 20.22 curveto
-9.46 18.67 -10.13 15.44 -11.63 13.11 curveto
-15.31 5.69 -18.33 -2.06 -22.49 -9.23 curveto
-25.19 -10.89 -28.66 -11.87 -30.28 -15.03 curveto
-32.14 -17.89 -32.73 -22 -36.57 -22.95 curveto
-41.32 -26 -46.47 -28.37 -51.49 -30.95 curveto
-53.32 -31.08 -55.26 -30.54 -57.14 -30.41 curveto
-58.67 -30.53 -56.93 -28.76 -56.88 -27.98 curveto
-55.09 -26.43 -53.6 -23.82 -56.12 -21.84 curveto
-57.38 -19.66 -60.16 -19.32 -61.4 -17.45 curveto
-62.02 -16.53 -62.62 -15.6 -63.23 -14.67 curveto stroke
 1 0.85715 0 0.3 setcmykcolor 0 0.35
 dtransform truncate idtransform setlinewidth pop
newpath -64.16522 -18.3523 moveto
-64.59804 -17.96666 -65.39789 -18.56458 -65.76929 -18.04813 curveto
-66.25117 -17.37802 -64.56885 -16.61775 -65.29605 -15.93848 curveto
-66.08524 -15.20131 -66.6553 -17.05646 -67.38387 -16.70343 curveto
-68.20142 -16.30727 -67.22897 -15.31873 -67.45122 -14.6745 curveto
-67.72185 -13.89001 -68.8354 -14.19128 -69.39172 -13.69562 curveto stroke
newpath -67.01778 -14.44917 moveto
-67.04381 -14.2193 -67.09303 -14.0056 -67.22432 -13.85738 curveto
-67.77457 -13.23618 -68.68808 -13.94064 -69.39172 -13.69562 curveto
-69.06744 -14.36646 -67.92337 -14.51428 -67.97356 -15.34262 curveto
-67.98552 -15.54025 -68.1018 -15.72617 -68.24597 -15.90712 curveto
 closepath stroke
newpath -67.01778 -14.44917 moveto
-67.04381 -14.2193 -67.09303 -14.0056 -67.22432 -13.85738 curveto
-67.77457 -13.23618 -68.68808 -13.94064 -69.39172 -13.69562 curveto
-69.06744 -14.36646 -67.92337 -14.51428 -67.97356 -15.34262 curveto
-67.98552 -15.54025 -68.1018 -15.72617 -68.24597 -15.90712 curveto
 closepath fill
 0 0 0 1 setcmykcolor [3 3 ] 0 setdash
newpath -0.57 -53.48 moveto
-0.57 -53.48 0 -57.37 4.54 -55.86 curveto stroke
newpath 4.34 -54.12 moveto
4.34 -54.12 4.13 -50.03 0.16 -51.68 curveto stroke
-1 THsetalpha
 0 0 0 0 setcmykcolor
newpath -28.77002 -36.71002 moveto
-28.96333 -36.51671 -28.96333 -36.2033 -28.77002 -36.00998 curveto
-28.5767 -35.81667 -28.26329 -35.81667 -28.06998 -36.00998 curveto
-27.87666 -36.2033 -27.87666 -36.51671 -28.06998 -36.71002 curveto
-28.26329 -36.90334 -28.5767 -36.90334 -28.77002 -36.71002 curveto closepath fill
 0.6 0.6 0.6 setrgbcolor 0 0.24501 dtransform truncate idtransform setlinewidth pop
 [] 0 setdash
newpath -28.77002 -36.71002 moveto
-28.96333 -36.51671 -28.96333 -36.2033 -28.77002 -36.00998 curveto
-28.5767 -35.81667 -28.26329 -35.81667 -28.06998 -36.00998 curveto
-27.87666 -36.2033 -27.87666 -36.51671 -28.06998 -36.71002 curveto
-28.26329 -36.90334 -28.5767 -36.90334 -28.77002 -36.71002 curveto closepath stroke
-1 THsetalpha
 0 0 0 0 setcmykcolor
newpath 10.49998 -106.65002 moveto
10.30667 -106.45671 10.30667 -106.1433 10.49998 -105.94998 curveto
10.6933 -105.75667 11.00671 -105.75667 11.20003 -105.94998 curveto
11.39334 -106.1433 11.39334 -106.45671 11.20003 -106.65002 curveto
11.00671 -106.84334 10.6933 -106.84334 10.49998 -106.65002 curveto closepath fill
 0.6 0.6 0.6 setrgbcolor
newpath 10.49998 -106.65002 moveto
10.30667 -106.45671 10.30667 -106.1433 10.49998 -105.94998 curveto
10.6933 -105.75667 11.00671 -105.75667 11.20003 -105.94998 curveto
11.39334 -106.1433 11.39334 -106.45671 11.20003 -106.65002 curveto
11.00671 -106.84334 10.6933 -106.84334 10.49998 -106.65002 curveto closepath stroke
-1 THsetalpha
 0 0 0 0 setcmykcolor
newpath 59.08998 129.73997 moveto
58.89667 129.93329 58.89667 130.2467 59.08998 130.44002 curveto
59.2833 130.63333 59.59671 130.63333 59.79002 130.44002 curveto
59.98334 130.2467 59.98334 129.93329 59.79002 129.73997 curveto
59.59671 129.54666 59.2833 129.54666 59.08998 129.73997 curveto closepath fill
 0.6 0.6 0.6 setrgbcolor
newpath 59.08998 129.73997 moveto
58.89667 129.93329 58.89667 130.2467 59.08998 130.44002 curveto
59.2833 130.63333 59.59671 130.63333 59.79002 130.44002 curveto
59.98334 130.2467 59.98334 129.93329 59.79002 129.73997 curveto
59.59671 129.54666 59.2833 129.54666 59.08998 129.73997 curveto closepath stroke
-1 THsetalpha
 0 0 0 0 setcmykcolor
newpath 11.54997 21.87997 moveto
11.35666 22.07329 11.35666 22.3867 11.54997 22.58002 curveto
11.74329 22.77333 12.0567 22.77333 12.25002 22.58002 curveto
12.44333 22.3867 12.44333 22.07329 12.25002 21.87997 curveto
12.0567 21.68666 11.74329 21.68666 11.54997 21.87997 curveto closepath fill
 0.6 0.6 0.6 setrgbcolor
newpath 11.54997 21.87997 moveto
11.35666 22.07329 11.35666 22.3867 11.54997 22.58002 curveto
11.74329 22.77333 12.0567 22.77333 12.25002 22.58002 curveto
12.44333 22.3867 12.44333 22.07329 12.25002 21.87997 curveto
12.0567 21.68666 11.74329 21.68666 11.54997 21.87997 curveto closepath stroke
-1 THsetalpha
 0 0 0 0 setcmykcolor
newpath 46.41998 136.81998 moveto
46.22667 137.01329 46.22667 137.3267 46.41998 137.52002 curveto
46.6133 137.71333 46.92671 137.71333 47.12003 137.52002 curveto
47.31334 137.3267 47.31334 137.01329 47.12003 136.81998 curveto
46.92671 136.62666 46.6133 136.62666 46.41998 136.81998 curveto closepath fill
 0.6 0.6 0.6 setrgbcolor
newpath 46.41998 136.81998 moveto
46.22667 137.01329 46.22667 137.3267 46.41998 137.52002 curveto
46.6133 137.71333 46.92671 137.71333 47.12003 137.52002 curveto
47.31334 137.3267 47.31334 137.01329 47.12003 136.81998 curveto
46.92671 136.62666 46.6133 136.62666 46.41998 136.81998 curveto closepath stroke
-1 THsetalpha
 0 0 0 0 setcmykcolor
newpath 35.06998 -20.46002 moveto
34.87666 -20.26671 34.87666 -19.9533 35.06998 -19.75998 curveto
35.26329 -19.56667 35.5767 -19.56667 35.77002 -19.75998 curveto
35.96333 -19.9533 35.96333 -20.26671 35.77002 -20.46002 curveto
35.5767 -20.65334 35.26329 -20.65334 35.06998 -20.46002 curveto closepath fill
 0.6 0.6 0.6 setrgbcolor
newpath 35.06998 -20.46002 moveto
34.87666 -20.26671 34.87666 -19.9533 35.06998 -19.75998 curveto
35.26329 -19.56667 35.5767 -19.56667 35.77002 -19.75998 curveto
35.96333 -19.9533 35.96333 -20.26671 35.77002 -20.46002 curveto
35.5767 -20.65334 35.26329 -20.65334 35.06998 -20.46002 curveto closepath stroke
-1 THsetalpha
 0 0 0 0 setcmykcolor
newpath 29.17998 -37.53001 moveto
28.98666 -37.3367 28.98666 -37.02328 29.17998 -36.82997 curveto
29.37329 -36.63666 29.6867 -36.63666 29.88002 -36.82997 curveto
30.07333 -37.02328 30.07333 -37.3367 29.88002 -37.53001 curveto
29.6867 -37.72333 29.37329 -37.72333 29.17998 -37.53001 curveto closepath fill
 0.6 0.6 0.6 setrgbcolor
newpath 29.17998 -37.53001 moveto
28.98666 -37.3367 28.98666 -37.02328 29.17998 -36.82997 curveto
29.37329 -36.63666 29.6867 -36.63666 29.88002 -36.82997 curveto
30.07333 -37.02328 30.07333 -37.3367 29.88002 -37.53001 curveto
29.6867 -37.72333 29.37329 -37.72333 29.17998 -37.53001 curveto closepath stroke
-1 THsetalpha
 0 0 0 0 setcmykcolor
newpath 28.12997 -26.80002 moveto
27.93666 -26.6067 27.93666 -26.29329 28.12997 -26.09998 curveto
28.32329 -25.90666 28.6367 -25.90666 28.83002 -26.09998 curveto
29.02333 -26.29329 29.02333 -26.6067 28.83002 -26.80002 curveto
28.6367 -26.99333 28.32329 -26.99333 28.12997 -26.80002 curveto closepath fill
 0.6 0.6 0.6 setrgbcolor
newpath 28.12997 -26.80002 moveto
27.93666 -26.6067 27.93666 -26.29329 28.12997 -26.09998 curveto
28.32329 -25.90666 28.6367 -25.90666 28.83002 -26.09998 curveto
29.02333 -26.29329 29.02333 -26.6067 28.83002 -26.80002 curveto
28.6367 -26.99333 28.32329 -26.99333 28.12997 -26.80002 curveto closepath stroke
-1 THsetalpha
 0 0 0 0 setcmykcolor
newpath -2.60002 -52.16002 moveto
-2.79333 -51.9667 -2.79333 -51.65329 -2.60002 -51.45998 curveto
-2.40671 -51.26666 -2.09329 -51.26666 -1.89998 -51.45998 curveto
-1.70667 -51.65329 -1.70667 -51.9667 -1.89998 -52.16002 curveto
-2.09329 -52.35333 -2.40671 -52.35333 -2.60002 -52.16002 curveto closepath fill
 0.6 0.6 0.6 setrgbcolor
newpath -2.60002 -52.16002 moveto
-2.79333 -51.9667 -2.79333 -51.65329 -2.60002 -51.45998 curveto
-2.40671 -51.26666 -2.09329 -51.26666 -1.89998 -51.45998 curveto
-1.70667 -51.65329 -1.70667 -51.9667 -1.89998 -52.16002 curveto
-2.09329 -52.35333 -2.40671 -52.35333 -2.60002 -52.16002 curveto closepath stroke
-1 THsetalpha
 0 0 0 0 setcmykcolor
newpath -16.45003 -47.01003 moveto
-16.64334 -46.81671 -16.64334 -46.5033 -16.45003 -46.30998 curveto
-16.25671 -46.11667 -15.9433 -46.11667 -15.74998 -46.30998 curveto
-15.55667 -46.5033 -15.55667 -46.81671 -15.74998 -47.01003 curveto
-15.9433 -47.20334 -16.25671 -47.20334 -16.45003 -47.01003 curveto closepath fill
 0.6 0.6 0.6 setrgbcolor
newpath -16.45003 -47.01003 moveto
-16.64334 -46.81671 -16.64334 -46.5033 -16.45003 -46.30998 curveto
-16.25671 -46.11667 -15.9433 -46.11667 -15.74998 -46.30998 curveto
-15.55667 -46.5033 -15.55667 -46.81671 -15.74998 -47.01003 curveto
-15.9433 -47.20334 -16.25671 -47.20334 -16.45003 -47.01003 curveto closepath stroke
-1 THsetalpha
 0 0 0 0 setcmykcolor
newpath -12.76003 -49.78001 moveto
-12.95334 -49.5867 -12.95334 -49.27328 -12.76003 -49.07997 curveto
-12.56671 -48.88666 -12.2533 -48.88666 -12.05998 -49.07997 curveto
-11.86667 -49.27328 -11.86667 -49.5867 -12.05998 -49.78001 curveto
-12.2533 -49.97333 -12.56671 -49.97333 -12.76003 -49.78001 curveto closepath fill
 0.6 0.6 0.6 setrgbcolor
newpath -12.76003 -49.78001 moveto
-12.95334 -49.5867 -12.95334 -49.27328 -12.76003 -49.07997 curveto
-12.56671 -48.88666 -12.2533 -48.88666 -12.05998 -49.07997 curveto
-11.86667 -49.27328 -11.86667 -49.5867 -12.05998 -49.78001 curveto
-12.2533 -49.97333 -12.56671 -49.97333 -12.76003 -49.78001 curveto closepath stroke
-1 THsetalpha
 0 0 0 0 setcmykcolor
newpath -29.45003 -32.70003 moveto
-29.64334 -32.50671 -29.64334 -32.1933 -29.45003 -31.99998 curveto
-29.25671 -31.80667 -28.9433 -31.80667 -28.74998 -31.99998 curveto
-28.55667 -32.1933 -28.55667 -32.50671 -28.74998 -32.70003 curveto
-28.9433 -32.89334 -29.25671 -32.89334 -29.45003 -32.70003 curveto closepath fill
 0.6 0.6 0.6 setrgbcolor
newpath -29.45003 -32.70003 moveto
-29.64334 -32.50671 -29.64334 -32.1933 -29.45003 -31.99998 curveto
-29.25671 -31.80667 -28.9433 -31.80667 -28.74998 -31.99998 curveto
-28.55667 -32.1933 -28.55667 -32.50671 -28.74998 -32.70003 curveto
-28.9433 -32.89334 -29.25671 -32.89334 -29.45003 -32.70003 curveto closepath stroke
-1 THsetalpha
 0 0 0 0 setcmykcolor
newpath 6.75998 -75.19002 moveto
6.56667 -74.9967 6.56667 -74.68329 6.75998 -74.48997 curveto
6.9533 -74.29666 7.26671 -74.29666 7.46002 -74.48997 curveto
7.65334 -74.68329 7.65334 -74.9967 7.46002 -75.19002 curveto
7.26671 -75.38333 6.9533 -75.38333 6.75998 -75.19002 curveto closepath fill
 0.6 0.6 0.6 setrgbcolor
newpath 6.75998 -75.19002 moveto
6.56667 -74.9967 6.56667 -74.68329 6.75998 -74.48997 curveto
6.9533 -74.29666 7.26671 -74.29666 7.46002 -74.48997 curveto
7.65334 -74.68329 7.65334 -74.9967 7.46002 -75.19002 curveto
7.26671 -75.38333 6.9533 -75.38333 6.75998 -75.19002 curveto closepath stroke
-1 THsetalpha
 0 0 0 0 setcmykcolor
newpath 66.99998 -142.81003 moveto
66.80667 -142.61671 66.80667 -142.3033 66.99998 -142.10999 curveto
67.1933 -141.91667 67.50671 -141.91667 67.70003 -142.10999 curveto
67.89334 -142.3033 67.89334 -142.61671 67.70003 -142.81003 curveto
67.50671 -143.00334 67.1933 -143.00334 66.99998 -142.81003 curveto closepath fill
 0.6 0.6 0.6 setrgbcolor
newpath 66.99998 -142.81003 moveto
66.80667 -142.61671 66.80667 -142.3033 66.99998 -142.10999 curveto
67.1933 -141.91667 67.50671 -141.91667 67.70003 -142.10999 curveto
67.89334 -142.3033 67.89334 -142.61671 67.70003 -142.81003 curveto
67.50671 -143.00334 67.1933 -143.00334 66.99998 -142.81003 curveto closepath stroke
-1 THsetalpha
 0 0 0 0 setcmykcolor
newpath 33.10999 84.40997 moveto
32.91667 84.60329 32.91667 84.9167 33.10999 85.11002 curveto
33.3033 85.30333 33.61671 85.30333 33.81003 85.11002 curveto
34.00334 84.9167 34.00334 84.60329 33.81003 84.40997 curveto
33.61671 84.21666 33.3033 84.21666 33.10999 84.40997 curveto closepath fill
 0.6 0.6 0.6 setrgbcolor
newpath 33.10999 84.40997 moveto
32.91667 84.60329 32.91667 84.9167 33.10999 85.11002 curveto
33.3033 85.30333 33.61671 85.30333 33.81003 85.11002 curveto
34.00334 84.9167 34.00334 84.60329 33.81003 84.40997 curveto
33.61671 84.21666 33.3033 84.21666 33.10999 84.40997 curveto closepath stroke
-1 THsetalpha
 0 0 0 0 setcmykcolor
newpath 0.62997 -54.28001 moveto
0.43666 -54.0867 0.43666 -53.77328 0.62997 -53.57997 curveto
0.82329 -53.38666 1.1367 -53.38666 1.33002 -53.57997 curveto
1.52333 -53.77328 1.52333 -54.0867 1.33002 -54.28001 curveto
1.1367 -54.47333 0.82329 -54.47333 0.62997 -54.28001 curveto closepath fill
 0.6 0.6 0.6 setrgbcolor
newpath 0.62997 -54.28001 moveto
0.43666 -54.0867 0.43666 -53.77328 0.62997 -53.57997 curveto
0.82329 -53.38666 1.1367 -53.38666 1.33002 -53.57997 curveto
1.52333 -53.77328 1.52333 -54.0867 1.33002 -54.28001 curveto
1.1367 -54.47333 0.82329 -54.47333 0.62997 -54.28001 curveto closepath stroke
-1 THsetalpha
 0 0 0 0 setcmykcolor
newpath -11.36002 -46.80002 moveto
-11.55333 -46.6067 -11.55333 -46.29329 -11.36002 -46.09998 curveto
-11.1667 -45.90666 -10.85329 -45.90666 -10.65997 -46.09998 curveto
-10.46666 -46.29329 -10.46666 -46.6067 -10.65997 -46.80002 curveto
-10.85329 -46.99333 -11.1667 -46.99333 -11.36002 -46.80002 curveto closepath fill
 0.6 0.6 0.6 setrgbcolor
newpath -11.36002 -46.80002 moveto
-11.55333 -46.6067 -11.55333 -46.29329 -11.36002 -46.09998 curveto
-11.1667 -45.90666 -10.85329 -45.90666 -10.65997 -46.09998 curveto
-10.46666 -46.29329 -10.46666 -46.6067 -10.65997 -46.80002 curveto
-10.85329 -46.99333 -11.1667 -46.99333 -11.36002 -46.80002 curveto closepath stroke
-1 THsetalpha
 0 0 0 0 setcmykcolor
newpath 51.50998 -122.22002 moveto
51.31667 -122.0267 51.31667 -121.71329 51.50998 -121.51997 curveto
51.7033 -121.32666 52.01671 -121.32666 52.21002 -121.51997 curveto
52.40334 -121.71329 52.40334 -122.0267 52.21002 -122.22002 curveto
52.01671 -122.41333 51.7033 -122.41333 51.50998 -122.22002 curveto closepath fill
 0.6 0.6 0.6 setrgbcolor
newpath 51.50998 -122.22002 moveto
51.31667 -122.0267 51.31667 -121.71329 51.50998 -121.51997 curveto
51.7033 -121.32666 52.01671 -121.32666 52.21002 -121.51997 curveto
52.40334 -121.71329 52.40334 -122.0267 52.21002 -122.22002 curveto
52.01671 -122.41333 51.7033 -122.41333 51.50998 -122.22002 curveto closepath stroke
-1 THsetalpha
 0 0 0 0 setcmykcolor
newpath 33.90997 -39.52002 moveto
33.71666 -39.3267 33.71666 -39.01329 33.90997 -38.81998 curveto
34.10329 -38.62666 34.4167 -38.62666 34.61002 -38.81998 curveto
34.80333 -39.01329 34.80333 -39.3267 34.61002 -39.52002 curveto
34.4167 -39.71333 34.10329 -39.71333 33.90997 -39.52002 curveto closepath fill
 0.6 0.6 0.6 setrgbcolor
newpath 33.90997 -39.52002 moveto
33.71666 -39.3267 33.71666 -39.01329 33.90997 -38.81998 curveto
34.10329 -38.62666 34.4167 -38.62666 34.61002 -38.81998 curveto
34.80333 -39.01329 34.80333 -39.3267 34.61002 -39.52002 curveto
34.4167 -39.71333 34.10329 -39.71333 33.90997 -39.52002 curveto closepath stroke
-1 THsetalpha
 0 0 0 0 setcmykcolor
newpath 11.73997 -56.80002 moveto
11.54666 -56.6067 11.54666 -56.29329 11.73997 -56.09998 curveto
11.93329 -55.90666 12.2467 -55.90666 12.44002 -56.09998 curveto
12.63333 -56.29329 12.63333 -56.6067 12.44002 -56.80002 curveto
12.2467 -56.99333 11.93329 -56.99333 11.73997 -56.80002 curveto closepath fill
 0.6 0.6 0.6 setrgbcolor
newpath 11.73997 -56.80002 moveto
11.54666 -56.6067 11.54666 -56.29329 11.73997 -56.09998 curveto
11.93329 -55.90666 12.2467 -55.90666 12.44002 -56.09998 curveto
12.63333 -56.29329 12.63333 -56.6067 12.44002 -56.80002 curveto
12.2467 -56.99333 11.93329 -56.99333 11.73997 -56.80002 curveto closepath stroke
-1 THsetalpha
 0 0 0 0 setcmykcolor
newpath 5.19998 -72.98003 moveto
5.00667 -72.78671 5.00667 -72.4733 5.19998 -72.27998 curveto
5.3933 -72.08667 5.70671 -72.08667 5.90002 -72.27998 curveto
6.09334 -72.4733 6.09334 -72.78671 5.90002 -72.98003 curveto
5.70671 -73.17334 5.3933 -73.17334 5.19998 -72.98003 curveto closepath fill
 0.6 0.6 0.6 setrgbcolor
newpath 5.19998 -72.98003 moveto
5.00667 -72.78671 5.00667 -72.4733 5.19998 -72.27998 curveto
5.3933 -72.08667 5.70671 -72.08667 5.90002 -72.27998 curveto
6.09334 -72.4733 6.09334 -72.78671 5.90002 -72.98003 curveto
5.70671 -73.17334 5.3933 -73.17334 5.19998 -72.98003 curveto closepath stroke
-1 THsetalpha
 0 0 0 0 setcmykcolor
newpath 12.91998 -63.46002 moveto
12.72667 -63.26671 12.72667 -62.9533 12.91998 -62.75998 curveto
13.1133 -62.56667 13.42671 -62.56667 13.62003 -62.75998 curveto
13.81334 -62.9533 13.81334 -63.26671 13.62003 -63.46002 curveto
13.42671 -63.65334 13.1133 -63.65334 12.91998 -63.46002 curveto closepath fill
 0.6 0.6 0.6 setrgbcolor
newpath 12.91998 -63.46002 moveto
12.72667 -63.26671 12.72667 -62.9533 12.91998 -62.75998 curveto
13.1133 -62.56667 13.42671 -62.56667 13.62003 -62.75998 curveto
13.81334 -62.9533 13.81334 -63.26671 13.62003 -63.46002 curveto
13.42671 -63.65334 13.1133 -63.65334 12.91998 -63.46002 curveto closepath stroke
-1 THsetalpha
 0 0 0 0 setcmykcolor
newpath 24.82997 55.61998 moveto
24.63666 55.8133 24.63666 56.12671 24.82997 56.32002 curveto
25.02328 56.51334 25.3367 56.51334 25.53001 56.32002 curveto
25.72333 56.12671 25.72333 55.8133 25.53001 55.61998 curveto
25.3367 55.42667 25.02328 55.42667 24.82997 55.61998 curveto closepath fill
 0.6 0.6 0.6 setrgbcolor
newpath 24.82997 55.61998 moveto
24.63666 55.8133 24.63666 56.12671 24.82997 56.32002 curveto
25.02328 56.51334 25.3367 56.51334 25.53001 56.32002 curveto
25.72333 56.12671 25.72333 55.8133 25.53001 55.61998 curveto
25.3367 55.42667 25.02328 55.42667 24.82997 55.61998 curveto closepath stroke
-1 THsetalpha
 0 0 0 0 setcmykcolor
newpath 24.66998 60.93997 moveto
24.47667 61.13329 24.47667 61.4467 24.66998 61.64001 curveto
24.8633 61.83333 25.17671 61.83333 25.37003 61.64001 curveto
25.56334 61.4467 25.56334 61.13329 25.37003 60.93997 curveto
25.17671 60.74666 24.8633 60.74666 24.66998 60.93997 curveto closepath fill
 0.6 0.6 0.6 setrgbcolor
newpath 24.66998 60.93997 moveto
24.47667 61.13329 24.47667 61.4467 24.66998 61.64001 curveto
24.8633 61.83333 25.17671 61.83333 25.37003 61.64001 curveto
25.56334 61.4467 25.56334 61.13329 25.37003 60.93997 curveto
25.17671 60.74666 24.8633 60.74666 24.66998 60.93997 curveto closepath stroke
-1 THsetalpha
 0 0 0 0 setcmykcolor
newpath -19.37003 -41.78001 moveto
-19.56334 -41.5867 -19.56334 -41.27328 -19.37003 -41.07997 curveto
-19.17671 -40.88666 -18.8633 -40.88666 -18.66998 -41.07997 curveto
-18.47667 -41.27328 -18.47667 -41.5867 -18.66998 -41.78001 curveto
-18.8633 -41.97333 -19.17671 -41.97333 -19.37003 -41.78001 curveto closepath fill
 0.6 0.6 0.6 setrgbcolor
newpath -19.37003 -41.78001 moveto
-19.56334 -41.5867 -19.56334 -41.27328 -19.37003 -41.07997 curveto
-19.17671 -40.88666 -18.8633 -40.88666 -18.66998 -41.07997 curveto
-18.47667 -41.27328 -18.47667 -41.5867 -18.66998 -41.78001 curveto
-18.8633 -41.97333 -19.17671 -41.97333 -19.37003 -41.78001 curveto closepath stroke
-1 THsetalpha
 0 0 0 0 setcmykcolor
newpath 18.79997 -104.95003 moveto
18.60666 -104.75671 18.60666 -104.4433 18.79997 -104.24998 curveto
18.99329 -104.05667 19.3067 -104.05667 19.50002 -104.24998 curveto
19.69333 -104.4433 19.69333 -104.75671 19.50002 -104.95003 curveto
19.3067 -105.14334 18.99329 -105.14334 18.79997 -104.95003 curveto closepath fill
 0.6 0.6 0.6 setrgbcolor
newpath 18.79997 -104.95003 moveto
18.60666 -104.75671 18.60666 -104.4433 18.79997 -104.24998 curveto
18.99329 -104.05667 19.3067 -104.05667 19.50002 -104.24998 curveto
19.69333 -104.4433 19.69333 -104.75671 19.50002 -104.95003 curveto
19.3067 -105.14334 18.99329 -105.14334 18.79997 -104.95003 curveto closepath stroke
-1 THsetalpha
 0 0 0 0 setcmykcolor
newpath 10.56998 -101.65002 moveto
10.37666 -101.45671 10.37666 -101.1433 10.56998 -100.94998 curveto
10.76329 -100.75667 11.0767 -100.75667 11.27002 -100.94998 curveto
11.46333 -101.1433 11.46333 -101.45671 11.27002 -101.65002 curveto
11.0767 -101.84334 10.76329 -101.84334 10.56998 -101.65002 curveto closepath fill
 0.6 0.6 0.6 setrgbcolor
newpath 10.56998 -101.65002 moveto
10.37666 -101.45671 10.37666 -101.1433 10.56998 -100.94998 curveto
10.76329 -100.75667 11.0767 -100.75667 11.27002 -100.94998 curveto
11.46333 -101.1433 11.46333 -101.45671 11.27002 -101.65002 curveto
11.0767 -101.84334 10.76329 -101.84334 10.56998 -101.65002 curveto closepath stroke
-1 THsetalpha
 0 0 0 0 setcmykcolor
newpath 10.05998 -95.22002 moveto
9.86667 -95.0267 9.86667 -94.71329 10.05998 -94.51997 curveto
10.2533 -94.32666 10.56671 -94.32666 10.76003 -94.51997 curveto
10.95334 -94.71329 10.95334 -95.0267 10.76003 -95.22002 curveto
10.56671 -95.41333 10.2533 -95.41333 10.05998 -95.22002 curveto closepath fill
 0.6 0.6 0.6 setrgbcolor
newpath 10.05998 -95.22002 moveto
9.86667 -95.0267 9.86667 -94.71329 10.05998 -94.51997 curveto
10.2533 -94.32666 10.56671 -94.32666 10.76003 -94.51997 curveto
10.95334 -94.71329 10.95334 -95.0267 10.76003 -95.22002 curveto
10.56671 -95.41333 10.2533 -95.41333 10.05998 -95.22002 curveto closepath stroke
-1 THsetalpha
 0 0 0 0 setcmykcolor
newpath 13.09998 -83.53001 moveto
12.90666 -83.3367 12.90666 -83.02328 13.09998 -82.82997 curveto
13.29329 -82.63666 13.6067 -82.63666 13.80002 -82.82997 curveto
13.99333 -83.02328 13.99333 -83.3367 13.80002 -83.53001 curveto
13.6067 -83.72333 13.29329 -83.72333 13.09998 -83.53001 curveto closepath fill
 0.6 0.6 0.6 setrgbcolor
newpath 13.09998 -83.53001 moveto
12.90666 -83.3367 12.90666 -83.02328 13.09998 -82.82997 curveto
13.29329 -82.63666 13.6067 -82.63666 13.80002 -82.82997 curveto
13.99333 -83.02328 13.99333 -83.3367 13.80002 -83.53001 curveto
13.6067 -83.72333 13.29329 -83.72333 13.09998 -83.53001 curveto closepath stroke
-1 THsetalpha
 0 0 0 0 setcmykcolor
newpath 34.07997 -109.40002 moveto
33.88666 -109.20671 33.88666 -108.8933 34.07997 -108.69998 curveto
34.27328 -108.50667 34.5867 -108.50667 34.78001 -108.69998 curveto
34.97333 -108.8933 34.97333 -109.20671 34.78001 -109.40002 curveto
34.5867 -109.59334 34.27328 -109.59334 34.07997 -109.40002 curveto closepath fill
 0.6 0.6 0.6 setrgbcolor
newpath 34.07997 -109.40002 moveto
33.88666 -109.20671 33.88666 -108.8933 34.07997 -108.69998 curveto
34.27328 -108.50667 34.5867 -108.50667 34.78001 -108.69998 curveto
34.97333 -108.8933 34.97333 -109.20671 34.78001 -109.40002 curveto
34.5867 -109.59334 34.27328 -109.59334 34.07997 -109.40002 curveto closepath stroke
-1 THsetalpha
 0 0 0 0 setcmykcolor
newpath 31.67998 -26.10002 moveto
31.48666 -25.90671 31.48666 -25.59329 31.67998 -25.39998 curveto
31.87329 -25.20667 32.1867 -25.20667 32.38002 -25.39998 curveto
32.57333 -25.59329 32.57333 -25.90671 32.38002 -26.10002 curveto
32.1867 -26.29333 31.87329 -26.29333 31.67998 -26.10002 curveto closepath fill
 0.6 0.6 0.6 setrgbcolor
newpath 31.67998 -26.10002 moveto
31.48666 -25.90671 31.48666 -25.59329 31.67998 -25.39998 curveto
31.87329 -25.20667 32.1867 -25.20667 32.38002 -25.39998 curveto
32.57333 -25.59329 32.57333 -25.90671 32.38002 -26.10002 curveto
32.1867 -26.29333 31.87329 -26.29333 31.67998 -26.10002 curveto closepath stroke
-1 THsetalpha
 0 0 0 0 setcmykcolor
newpath 29.45998 -12.15002 moveto
29.26666 -11.95671 29.26666 -11.6433 29.45998 -11.44998 curveto
29.65329 -11.25667 29.9667 -11.25667 30.16002 -11.44998 curveto
30.35333 -11.6433 30.35333 -11.95671 30.16002 -12.15002 curveto
29.9667 -12.34334 29.65329 -12.34334 29.45998 -12.15002 curveto closepath fill
 0.6 0.6 0.6 setrgbcolor
newpath 29.45998 -12.15002 moveto
29.26666 -11.95671 29.26666 -11.6433 29.45998 -11.44998 curveto
29.65329 -11.25667 29.9667 -11.25667 30.16002 -11.44998 curveto
30.35333 -11.6433 30.35333 -11.95671 30.16002 -12.15002 curveto
29.9667 -12.34334 29.65329 -12.34334 29.45998 -12.15002 curveto closepath stroke
-1 THsetalpha
 0 0 0 0 setcmykcolor
newpath -20.52002 -41.72002 moveto
-20.71333 -41.5267 -20.71333 -41.21329 -20.52002 -41.01997 curveto
-20.3267 -40.82666 -20.01329 -40.82666 -19.81998 -41.01997 curveto
-19.62666 -41.21329 -19.62666 -41.5267 -19.81998 -41.72002 curveto
-20.01329 -41.91333 -20.3267 -41.91333 -20.52002 -41.72002 curveto closepath fill
 0.6 0.6 0.6 setrgbcolor
newpath -20.52002 -41.72002 moveto
-20.71333 -41.5267 -20.71333 -41.21329 -20.52002 -41.01997 curveto
-20.3267 -40.82666 -20.01329 -40.82666 -19.81998 -41.01997 curveto
-19.62666 -41.21329 -19.62666 -41.5267 -19.81998 -41.72002 curveto
-20.01329 -41.91333 -20.3267 -41.91333 -20.52002 -41.72002 curveto closepath stroke
-1 THsetalpha
 0 0 0 0 setcmykcolor
newpath -10.25002 -50.80002 moveto
-10.44333 -50.6067 -10.44333 -50.29329 -10.25002 -50.09998 curveto
-10.0567 -49.90666 -9.74329 -49.90666 -9.54997 -50.09998 curveto
-9.35666 -50.29329 -9.35666 -50.6067 -9.54997 -50.80002 curveto
-9.74329 -50.99333 -10.0567 -50.99333 -10.25002 -50.80002 curveto closepath fill
 0.6 0.6 0.6 setrgbcolor
newpath -10.25002 -50.80002 moveto
-10.44333 -50.6067 -10.44333 -50.29329 -10.25002 -50.09998 curveto
-10.0567 -49.90666 -9.74329 -49.90666 -9.54997 -50.09998 curveto
-9.35666 -50.29329 -9.35666 -50.6067 -9.54997 -50.80002 curveto
-9.74329 -50.99333 -10.0567 -50.99333 -10.25002 -50.80002 curveto closepath stroke
-1 THsetalpha
 0 0 0 0 setcmykcolor
newpath 31.87997 94.47998 moveto
31.68666 94.6733 31.68666 94.98671 31.87997 95.18002 curveto
32.07329 95.37334 32.3867 95.37334 32.58002 95.18002 curveto
32.77333 94.98671 32.77333 94.6733 32.58002 94.47998 curveto
32.3867 94.28667 32.07329 94.28667 31.87997 94.47998 curveto closepath fill
 0.6 0.6 0.6 setrgbcolor
newpath 31.87997 94.47998 moveto
31.68666 94.6733 31.68666 94.98671 31.87997 95.18002 curveto
32.07329 95.37334 32.3867 95.37334 32.58002 95.18002 curveto
32.77333 94.98671 32.77333 94.6733 32.58002 94.47998 curveto
32.3867 94.28667 32.07329 94.28667 31.87997 94.47998 curveto closepath stroke
-1 THsetalpha
 0 0 0 0 setcmykcolor
newpath 66.32997 -126.51003 moveto
66.13666 -126.31671 66.13666 -126.0033 66.32997 -125.80998 curveto
66.52328 -125.61667 66.8367 -125.61667 67.03001 -125.80998 curveto
67.22333 -126.0033 67.22333 -126.31671 67.03001 -126.51003 curveto
66.8367 -126.70334 66.52328 -126.70334 66.32997 -126.51003 curveto closepath fill
 0.6 0.6 0.6 setrgbcolor
newpath 66.32997 -126.51003 moveto
66.13666 -126.31671 66.13666 -126.0033 66.32997 -125.80998 curveto
66.52328 -125.61667 66.8367 -125.61667 67.03001 -125.80998 curveto
67.22333 -126.0033 67.22333 -126.31671 67.03001 -126.51003 curveto
66.8367 -126.70334 66.52328 -126.70334 66.32997 -126.51003 curveto closepath stroke
-1 THsetalpha
 0 0 0 0 setcmykcolor
newpath 27.78998 116.75998 moveto
27.59666 116.9533 27.59666 117.26671 27.78998 117.46002 curveto
27.98329 117.65334 28.2967 117.65334 28.49002 117.46002 curveto
28.68333 117.26671 28.68333 116.9533 28.49002 116.75998 curveto
28.2967 116.56667 27.98329 116.56667 27.78998 116.75998 curveto closepath fill
 0.6 0.6 0.6 setrgbcolor
newpath 27.78998 116.75998 moveto
27.59666 116.9533 27.59666 117.26671 27.78998 117.46002 curveto
27.98329 117.65334 28.2967 117.65334 28.49002 117.46002 curveto
28.68333 117.26671 28.68333 116.9533 28.49002 116.75998 curveto
28.2967 116.56667 27.98329 116.56667 27.78998 116.75998 curveto closepath stroke
-1 THsetalpha
 0 0 0 0 setcmykcolor
newpath 12.49998 -64.65002 moveto
12.30667 -64.45671 12.30667 -64.1433 12.49998 -63.94998 curveto
12.6933 -63.75667 13.00671 -63.75667 13.20003 -63.94998 curveto
13.39334 -64.1433 13.39334 -64.45671 13.20003 -64.65002 curveto
13.00671 -64.84334 12.6933 -64.84334 12.49998 -64.65002 curveto closepath fill
 0.6 0.6 0.6 setrgbcolor
newpath 12.49998 -64.65002 moveto
12.30667 -64.45671 12.30667 -64.1433 12.49998 -63.94998 curveto
12.6933 -63.75667 13.00671 -63.75667 13.20003 -63.94998 curveto
13.39334 -64.1433 13.39334 -64.45671 13.20003 -64.65002 curveto
13.00671 -64.84334 12.6933 -64.84334 12.49998 -64.65002 curveto closepath stroke
-1 THsetalpha
 0 0 0 0 setcmykcolor
newpath -7.43002 -46.46002 moveto
-7.62334 -46.26671 -7.62334 -45.9533 -7.43002 -45.75998 curveto
-7.23671 -45.56667 -6.9233 -45.56667 -6.72998 -45.75998 curveto
-6.53667 -45.9533 -6.53667 -46.26671 -6.72998 -46.46002 curveto
-6.9233 -46.65334 -7.23671 -46.65334 -7.43002 -46.46002 curveto closepath fill
 0.6 0.6 0.6 setrgbcolor
newpath -7.43002 -46.46002 moveto
-7.62334 -46.26671 -7.62334 -45.9533 -7.43002 -45.75998 curveto
-7.23671 -45.56667 -6.9233 -45.56667 -6.72998 -45.75998 curveto
-6.53667 -45.9533 -6.53667 -46.26671 -6.72998 -46.46002 curveto
-6.9233 -46.65334 -7.23671 -46.65334 -7.43002 -46.46002 curveto closepath stroke
-1 THsetalpha
 0 0 0 0 setcmykcolor
newpath 17.74998 11.18997 moveto
17.55667 11.38329 17.55667 11.6967 17.74998 11.89001 curveto
17.9433 12.08333 18.25671 12.08333 18.45003 11.89001 curveto
18.64334 11.6967 18.64334 11.38329 18.45003 11.18997 curveto
18.25671 10.99666 17.9433 10.99666 17.74998 11.18997 curveto closepath fill
 0.6 0.6 0.6 setrgbcolor
newpath 17.74998 11.18997 moveto
17.55667 11.38329 17.55667 11.6967 17.74998 11.89001 curveto
17.9433 12.08333 18.25671 12.08333 18.45003 11.89001 curveto
18.64334 11.6967 18.64334 11.38329 18.45003 11.18997 curveto
18.25671 10.99666 17.9433 10.99666 17.74998 11.18997 curveto closepath stroke
-1 THsetalpha
 0 0 0 0 setcmykcolor
newpath 17.63998 -56.62003 moveto
17.44667 -56.42671 17.44667 -56.1133 17.63998 -55.91998 curveto
17.8333 -55.72667 18.14671 -55.72667 18.34003 -55.91998 curveto
18.53334 -56.1133 18.53334 -56.42671 18.34003 -56.62003 curveto
18.14671 -56.81334 17.8333 -56.81334 17.63998 -56.62003 curveto closepath fill
 0.6 0.6 0.6 setrgbcolor
newpath 17.63998 -56.62003 moveto
17.44667 -56.42671 17.44667 -56.1133 17.63998 -55.91998 curveto
17.8333 -55.72667 18.14671 -55.72667 18.34003 -55.91998 curveto
18.53334 -56.1133 18.53334 -56.42671 18.34003 -56.62003 curveto
18.14671 -56.81334 17.8333 -56.81334 17.63998 -56.62003 curveto closepath stroke
-1 THsetalpha
 0 0 0 0 setcmykcolor
newpath 39.95998 121.03998 moveto
39.76666 121.23329 39.76666 121.5467 39.95998 121.74002 curveto
40.15329 121.93333 40.4667 121.93333 40.66002 121.74002 curveto
40.85333 121.5467 40.85333 121.23329 40.66002 121.03998 curveto
40.4667 120.84666 40.15329 120.84666 39.95998 121.03998 curveto closepath fill
 0.6 0.6 0.6 setrgbcolor
newpath 39.95998 121.03998 moveto
39.76666 121.23329 39.76666 121.5467 39.95998 121.74002 curveto
40.15329 121.93333 40.4667 121.93333 40.66002 121.74002 curveto
40.85333 121.5467 40.85333 121.23329 40.66002 121.03998 curveto
40.4667 120.84666 40.15329 120.84666 39.95998 121.03998 curveto closepath stroke
-1 THsetalpha
 0 0 0 0 setcmykcolor
newpath 29.72998 67.90997 moveto
29.53667 68.10329 29.53667 68.4167 29.72998 68.61002 curveto
29.9233 68.80333 30.23671 68.80333 30.43002 68.61002 curveto
30.62334 68.4167 30.62334 68.10329 30.43002 67.90997 curveto
30.23671 67.71666 29.9233 67.71666 29.72998 67.90997 curveto closepath fill
 0.6 0.6 0.6 setrgbcolor
newpath 29.72998 67.90997 moveto
29.53667 68.10329 29.53667 68.4167 29.72998 68.61002 curveto
29.9233 68.80333 30.23671 68.80333 30.43002 68.61002 curveto
30.62334 68.4167 30.62334 68.10329 30.43002 67.90997 curveto
30.23671 67.71666 29.9233 67.71666 29.72998 67.90997 curveto closepath stroke
showpage
%%EOF
