%!PS
%%BoundingBox: -34 -68 55 69 
%%HiResBoundingBox: -33.15251 -67.72995 54.73251 68.0525 
%%Creator: MetaPost 2.01
%%CreationDate: 2023.02.28:1206
%%Pages: 1
%%BeginProlog
%%EndProlog
%%Page: 1 1
 0 0.24501 dtransform truncate idtransform setlinewidth pop [] 0 setdash
 1 setlinecap 1 setlinejoin 10 setmiterlimit
newpath 54.61 -44.92 moveto
52.36 -41.58 50.04 -37.82 47.19 -35.04 curveto
44.38 -34.37 42.85 -32.08 41.19 -30.25 curveto
37.34 -27.8 32.84 -26.6 28.55 -24.96 curveto
25.94 -24.3 23.76 -22.83 21.59 -21.35 curveto
18.27 -19.07 14.7 -17.07 11.89 -14.14 curveto
9.99 -12.15 7.12 -10.7 6.46 -7.82 curveto
5.4 -4.72 4.64 -1.54 4.96 2.88 curveto
5.2 6.16 4.85 8.84 5.74 11.43 curveto
7.07 13.4 9.82 13.96 12.02 14.94 curveto
14.37 15.89 16.5 14.65 18.48 13.83 curveto stroke
newpath 18.85 22.25 moveto
17.81 23.38 17.68 25.11 16.97 26.49 curveto
16.17 28.04 15.76 29.85 15.6 31.76 curveto
15.26 35.77 13.16 39.33 11.99 43.17 curveto
11.68 45.36 9.93 47.07 9.66 49.29 curveto
9.15 51.24 6.93 52.32 6.65 54.24 curveto
6.43 55.73 5.5 58.4 7.78 58.63 curveto
9.61 58.82 11.37 58.43 12.46 60.4 curveto stroke
newpath 11.96 62.27 moveto
11.96 62.27 10.73 61.59 10.71 64.1 curveto
10.68 66.61 11.93 67.83 11.93 67.83 curveto stroke
newpath 8 67.93 moveto
7.7 66.71 5.29 64.27 5.04 63.68 curveto
4.79 63.09 3.47 60.27 3.47 60.27 curveto
3.47 60.27 2.18 57.55 0.14 59.38 curveto
-1.88 61.19 -5.89 64.07 -6.64 64.47 curveto
-7.41 64.87 -9.36 65.48 -10.84 65.44 curveto
-12.37 65.41 -15.34 65.3 -16.23 65.38 curveto
-17.11 65.46 -21.16 65.22 -21.16 65.22 curveto stroke
newpath -21.51 54.64 moveto
-15.5 53.06 -14.02 52.48 -12.37 50.12 curveto
-10.76 47.83 -8.73 46.61 -7.07 44.92 curveto
-5.45 43.28 -2.75 43.36 -2.36 39.29 curveto
-1.97 35.17 -2.83 33.91 -2.62 32.12 curveto
-2.41 30.36 -1.75 29.43 0.33 27.55 curveto
2.37 25.71 3.79 24.35 3.04 22.07 curveto
2.27 19.76 0.93 20.38 0.25 17.8 curveto
-0.42 15.25 1.26 15.74 0.95 13.33 curveto
0.65 10.96 0.73 8.54 -1.03 8.17 curveto
-2.99 7.75 -5.16 9.2 -6.13 7.96 curveto
-7.11 6.69 -8.28 3.6 -8.84 2.32 curveto
-9.39 1.06 -11.72 -0.7 -13.01 -2.74 curveto
-14.29 -4.77 -15.86 -5.86 -16.88 -6.78 curveto
-17.89 -7.69 -18.18 -8.68 -19.7 -10.58 curveto
-21.19 -12.44 -23.78 -15.25 -25.01 -15.75 curveto
-26.13 -16.21 -28.91 -17.01 -29.19 -16.85 curveto
-29.39 -16.72 -31.55 -16.29 -32.28 -14.86 curveto
-32.42 -14.6 -32.17 -14.21 -33.03 -13.7 curveto stroke
newpath -29.56 -28.99 moveto
-29.99 -29.09 -30.04 -28.97 -28.82 -28.64 curveto
-27.72 -28.34 -25.95 -27.94 -23.81 -30.27 curveto
-21.78 -32.48 -21.07 -33.56 -20.24 -34.64 curveto
-19.42 -35.7 -16.34 -42.46 -14.61 -43.65 curveto
-12.89 -44.83 -12.38 -46.95 -12.38 -46.95 curveto stroke
newpath -12.38 -46.95 moveto
-12.38 -46.95 -12.15 -48.66 -9.6 -51.78 curveto
-7.04 -54.92 12.04 -65.13 15.21 -66.45 curveto
18.39 -67.77 19.32 -67.99 20.15 -66.96 curveto stroke
newpath 20.17 -66.84 moveto
20.58 -66.39 24.58 -62.68 25.37 -62 curveto
26.16 -61.32 30.57 -55.26 30.99 -55.35 curveto
31.41 -55.44 34.86 -54.95 37.1 -55.69 curveto
39.36 -56.45 39.6 -55.85 41.5 -55.81 curveto
43.49 -55.76 50.72 -59.4 50.72 -59.4 curveto stroke
newpath -13.32 -34.36 moveto
-13.99 -33.46 -16.83 -33.29 -15.74 -30.59 curveto
-14.65 -27.92 -13.84 -27.53 -11.83 -28.65 curveto
-9.75 -29.8 -9.03 -31.3 -6.75 -32.72 curveto
-4.5 -34.11 -2.48 -35.9 -1.62 -36.79 curveto
-0.76 -37.68 0.07 -40.45 1.66 -41.16 curveto
3.26 -41.87 10.66 -41.38 11.78 -41.84 curveto
12.91 -42.31 16.49 -41.84 17.83 -42.61 curveto
19.16 -43.37 22.45 -45.87 23.86 -47.31 curveto
25.3 -48.76 25.89 -49.08 25.97 -50.89 curveto
26.06 -52.69 26.79 -53.7 25.25 -55.08 curveto
23.71 -56.46 22.88 -56.91 22.04 -58.44 curveto
21.19 -59.96 21.64 -61.36 20.43 -62.05 curveto
19.22 -62.74 16.87 -62.32 16.87 -62.32 curveto stroke
newpath 16.95 -62.19 moveto
16.95 -62.19 2.25 -52.82 -3.75 -46.7 curveto
-7.33 -43.06 -13.27 -34.27 -13.27 -34.27 curveto stroke
newpath -12.14 -12.3 moveto
-11.09 -14.25 lineto
-13.08 -15.45 lineto
-13.87 -13.87 lineto
-13.22 -12.96 lineto
-12.18 -12.47 lineto stroke
newpath 6.03 -22.77 moveto
6.83 -24.1 9.74 -23.53 10.31 -24 curveto
10.88 -24.48 14.55 -27.32 16.07 -28.56 curveto
17.6 -29.82 20.36 -33.21 20.68 -33.16 curveto
20.99 -33.11 30.73 -36.35 31.24 -36.51 curveto
31.76 -36.66 36.82 -38.67 38.84 -40.12 curveto
41.06 -41.72 40.03 -41.72 40.06 -44.55 curveto
40.1 -47.39 38.95 -45.77 38.3 -45.53 curveto
37.63 -45.28 32.93 -45.2 31.77 -44.68 curveto
30.64 -44.17 22.34 -40.72 21.13 -39.73 curveto
19.93 -38.74 17.13 -37.45 15.97 -35.86 curveto
14.67 -34.07 13.76 -32.62 13.24 -31.85 curveto
12.72 -31.09 6.81 -30.88 4.97 -29.4 curveto
3.15 -27.93 3.5 -25.56 3.25 -25.3 curveto
3.01 -25.04 0.69 -25.99 0.25 -25.9 curveto
-0.18 -25.81 -4.35 -24.08 -5.64 -23.37 curveto
-6.9 -22.66 -10.06 -23.61 -12.87 -22.6 curveto
-15.62 -21.61 -13.53 -21.09 -13.12 -19.03 curveto
-12.71 -16.99 -11.29 -18.13 -9.96 -16.6 curveto
-8.71 -15.16 -7.5 -15.24 -6.57 -14.36 curveto
-5.65 -13.49 -1.38 -11.89 0.03 -12.66 curveto
1.51 -13.47 1.24 -19.09 1.23 -19.93 curveto
1.23 -19.93 5.24 -21.43 6.03 -22.77 curveto closepath stroke
showpage
%%EOF
