%!PS
%%BoundingBox: -126 -32 -80 90 
%%HiResBoundingBox: -125.0112 -31.21251 -80.41748 89.44632 
%%Creator: MetaPost 2.01
%%CreationDate: 2023.02.28:1206
%%Pages: 1
%%BeginProlog
%%EndProlog
%%Page: 1 1
 0 0.24501 dtransform truncate idtransform setlinewidth pop [] 0 setdash
 1 setlinecap 1 setlinejoin 10 setmiterlimit
newpath -85.32 12.68 moveto
-86.2 12.04 -87.19 11.6 -88.05 11.86 curveto
-89.84 12.4 -90.68 15.82 -90.36 16.98 curveto
-90.04 18.14 -89.15 23.14 -89.09 25.12 curveto
-89.04 27.11 -92.38 33.03 -92.23 34.49 curveto
-92.07 35.94 -92.56 39.57 -92.28 41.49 curveto
-92 43.41 -91.67 47.31 -91.95 49.89 curveto
-92.24 52.46 -95.47 51.61 -94.47 60.58 curveto
-93.48 69.53 -90.51 77.97 -90.2 86.83 curveto
-90.17 87.52 -89.83 88.46 -90.38 88.88 curveto
-92.14 90.22 -95.82 88.14 -96.94 87.7 curveto
-98.06 87.26 -99.77 87.89 -100.63 86.97 curveto
-101.85 85.68 -101.28 83.46 -101.34 81.69 curveto
-101.49 77.71 -100.31 71.93 -100.65 69.78 curveto
-101 67.63 -100.75 65.16 -101.53 63.03 curveto
-101.99 61.77 -103.59 60.99 -103.71 59.65 curveto
-104.01 56.3 -99.96 51.61 -99.82 50.33 curveto
-99.68 49.04 -95.37 34.86 -95.46 33.64 curveto
-95.55 32.41 -94.07 26.33 -96.56 26.23 curveto
-97.93 26.17 -97.08 28.15 -97.49 30.24 curveto
-97.9 32.34 -101.62 36.74 -104.04 38.01 curveto
-106.46 39.28 -117.15 37.11 -121.02 36.01 curveto
-124.89 34.92 -126.24 32.92 -123.29 30.71 curveto
-120.35 28.5 -116.25 24 -116.25 24 curveto
-116.25 24 -111.07 24.13 -110.37 20.97 curveto
-109.66 17.8 -109.45 17.15 -108.48 17.07 curveto
-107.51 17 -106.19 19.6 -104.76 21.18 curveto
-103.33 22.76 -100.63 21.13 -99.48 19.7 curveto
-98.6 18.6 -99.01 16.39 -99.26 15.46 curveto
-99.52 14.53 -102.14 13.27 -102.58 11.64 curveto
-103.5 8.28 -100.48 4.84 -100.69 1.38 curveto
-100.81 -0.7 -102.66 -3.06 -102.58 -4.58 curveto
-102.5 -6.1 -100.79 -9.18 -99.99 -11.52 curveto
-97.32 -19.36 -90.74 -31.09 -90.74 -31.09 curveto stroke
newpath -80.54 -30.25 moveto
-80.54 -30.25 -81.85 -26.06 -84.69 -21.36 curveto
-87.47 -16.76 -91.61 -11.57 -91.61 -11.08 curveto
-91.59 -10.09 -91.47 -5.91 -91.45 -4.92 curveto
-91.43 -3.93 -91.54 1.09 -91.22 2.24 curveto
-90.9 3.4 -90.55 5.03 -89.47 4.96 curveto
-87.94 4.87 -87.96 3.26 -87.41 0.86 curveto stroke
newpath -102.89 27.19 moveto
-102.89 27.19 -104.06 25.14 -105.7 24.22 curveto
-107.34 23.29 -110.82 26.44 -111.33 28.17 curveto
-111.84 29.89 -113.89 31.06 -114.47 31.81 curveto
-115.06 32.57 -108.3 32.66 -105.26 32.21 curveto
-102.22 31.76 -102.89 27.19 -102.89 27.19 curveto closepath stroke
showpage
%%EOF
