%!PS
%%BoundingBox: -39 -76 77 76 
%%HiResBoundingBox: -38.9125 -75.02635 76.03252 75.32251 
%%Creator: MetaPost 2.01
%%CreationDate: 2023.02.28:1206
%%Pages: 1
%%BeginProlog
%%EndProlog
%%Page: 1 1
 0 0.24501 dtransform truncate idtransform setlinewidth pop [] 0 setdash
 1 setlinecap 1 setlinejoin 10 setmiterlimit
newpath 74.62 -67.76 moveto
74.39 -66.39 72.69 -57.64 67.2 -49.12 curveto
62.4 -41.68 61.93 -36.69 61.89 -36.39 curveto
61.49 -33.53 53.89 -29.37 54.4 -27.55 curveto
54.9 -25.72 56.46 -14.59 56.46 -14.59 curveto
56.46 -14.59 67.76 23.23 68.16 24.69 curveto
68.57 26.15 69.54 28.24 71.45 30.86 curveto
73.37 33.48 75.91 42.61 75.91 42.61 curveto
75.91 42.61 74.36 59.65 73.67 61.41 curveto
73.28 62.41 71.88 67.6 69.66 71.13 curveto
67.95 73.84 65.26 75.2 65.26 75.2 curveto stroke
newpath 55.75 71.47 moveto
55.75 71.47 59.63 65.08 60.43 60.13 curveto
61 56.55 60.78 50.34 60.57 49.57 curveto
60.06 47.74 59 44.17 58.09 40.88 curveto
57.17 37.59 54.43 38.27 54.43 38.27 curveto
51.29 38.59 lineto
51.29 38.59 47.74 31.73 48.86 28.67 curveto
49.98 25.6 46.88 13.97 46.1 12.61 curveto
45.33 11.25 44.87 5.98 45.19 4.31 curveto
45.52 2.65 43.38 -3.58 41.24 -8.5 curveto
39.09 -13.42 38.86 -15.32 36.75 -18.67 curveto
34.64 -22.02 33.55 -21.99 30.31 -22.27 curveto
27.08 -22.55 27.01 -14.86 27.01 -14.86 curveto
27.01 -14.86 24.77 -0.4 22.71 0.55 curveto
20.67 1.49 18.1 5.32 15.71 6.34 curveto
14.89 6.7 6.83 9.15 4.77 10.56 curveto
0.81 13.28 -7.76 11.29 -7.76 11.29 curveto
-9.17 20.17 lineto stroke
newpath -17.92 22.78 moveto
-17.92 22.78 -15.15 18.78 -19.38 16.42 curveto
-21.41 15.28 -23.85 13.2 -26.12 12.59 curveto
-28.63 11.91 -35.61 11.65 -37.31 11.77 curveto stroke
newpath -38.79 1.43 moveto
-38.79 1.43 -33.81 -0.25 -30.15 -0.73 curveto
-28.79 -0.9 -27.04 -2.21 -25.45 -2.24 curveto
-24.42 -2.26 -22.67 -1.33 -21.59 -1.32 curveto
-16.97 -1.29 -12.75 -3.21 -9.02 -3.22 curveto
-5.23 -3.23 -1.95 -1.33 -1.53 -1.44 curveto
-0.54 -1.71 7.31 -0.18 10.38 -3.55 curveto
11.79 -5.09 13.73 -14.06 14.14 -15.66 curveto
14.64 -17.64 13.54 -38.03 16.59 -41.83 curveto
18.54 -44.27 18.09 -33.07 20.67 -32.95 curveto
22.37 -32.88 25.83 -27.02 26.72 -27.55 curveto
27.76 -28.16 26.08 -35.18 25.96 -35.61 curveto
25.35 -37.8 27.08 -41.87 25.84 -43.5 curveto
24.6 -45.12 23.51 -49.01 25.06 -53.39 curveto
26.6 -57.76 22.04 -60.67 24.96 -61.48 curveto
27.26 -62.12 39.5 -71.24 46.19 -74.57 curveto
47.78 -75.36 49.68 -74.5 49.68 -74.5 curveto stroke
newpath 56.51 -68.86 moveto
56.51 -68.86 54.24 -64.46 51.29 -62.81 curveto
48.45 -61.21 45.82 -58.74 44.04 -55.11 curveto
42.27 -51.49 43.55 -51.46 44.46 -48.18 curveto
45.37 -44.9 48.76 -34.38 48.76 -34.38 curveto
48.76 -34.38 62.83 -54.98 64.45 -57.8 curveto
66.06 -60.6 68.81 -68.34 68.81 -68.34 curveto stroke
showpage
%%EOF
