%!PS
%%BoundingBox: -38 -82 41 82 
%%HiResBoundingBox: -37.25252 -81.48251 40.7725 81.4125 
%%Creator: MetaPost 2.01
%%CreationDate: 2023.02.28:1206
%%Pages: 1
%%BeginProlog
%%EndProlog
%%Page: 1 1
 0 0.24501 dtransform truncate idtransform setlinewidth pop [] 0 setdash
 1 setlinecap 1 setlinejoin 10 setmiterlimit
newpath -20.43 54.95 moveto
-20.43 54.95 -14.8 49.54 -13.77 48.54 curveto
-12.8 47.59 -10.65 48.28 -10.96 45.75 curveto
-11.26 43.27 -12.02 42.18 -12.37 41.23 curveto
-12.72 40.26 -14.48 36.07 -14.48 34.97 curveto
-14.47 33.88 -15.15 32.05 -15.21 31.82 curveto
-15.27 31.58 -16.28 26.12 -16.33 25.14 curveto
-16.39 24.16 -15.07 19.93 -14.76 18.53 curveto
-14.46 17.13 -14.69 15.5 -15.31 14.72 curveto
-15.92 13.94 -19.76 9.78 -20.43 9.37 curveto
-21.1 8.97 -23.16 5.67 -23.4 5.28 curveto
-23.64 4.88 -27.94 0.66 -28.09 0.37 curveto
-28.24 0.07 -30.32 -5.48 -31.28 -6.2 curveto
-32.28 -6.95 -37.13 -10.64 -37.13 -10.64 curveto stroke
newpath -34.25 -18.1 moveto
-34.25 -18.1 -27.4 -18.77 -25.86 -19.5 curveto
-24.36 -20.23 -25.32 -21.61 -21 -21.56 curveto
-16.85 -21.52 -6.51 -24.01 -5.55 -24.24 curveto
-4.6 -24.47 -2.94 -28.5 -2.35 -29.15 curveto
-1.76 -29.79 0.29 -32.1 1.33 -36.99 curveto
2.36 -41.88 2.89 -45.08 2.89 -45.08 curveto stroke
newpath 7.24 -42.52 moveto
7.24 -42.52 5 -32.69 4.69 -31.93 curveto
4.38 -31.17 1.22 -26.4 2.76 -26.03 curveto
4.3 -25.66 4.92 -24.74 6.2 -25.12 curveto
7.47 -25.5 12.8 -29.11 13.2 -29.77 curveto
13.6 -30.43 20.47 -34.2 20.83 -34.79 curveto stroke
newpath 20.83 -34.79 moveto
21.18 -35.37 24.83 -37.35 25.12 -38.17 curveto
25.41 -38.99 26.5 -40.28 26.18 -41.52 curveto
25.86 -42.76 25.76 -45.92 25.78 -46.89 curveto stroke
newpath 25.78 -46.89 moveto
25.8 -47.87 23.29 -51.1 23.03 -52.1 curveto
22.78 -53.09 23.9 -54.97 23.69 -55.79 curveto
23.48 -56.62 23.17 -58.93 23.07 -59.7 curveto
22.96 -60.46 23.83 -62.27 23.62 -62.75 curveto
23.4 -63.22 23.64 -64.03 23.93 -65.29 curveto
24.22 -66.56 24.52 -67.78 24.69 -68.35 curveto
24.85 -68.92 23.34 -70.48 22.37 -70.81 curveto
21.4 -71.13 19.33 -70.6 17.53 -68.51 curveto
15.72 -66.41 13.03 -63.79 12.73 -63.58 curveto
12.43 -63.37 11.92 -63.28 11.92 -63.28 curveto
11.92 -63.28 10.66 -63.23 10.59 -61.97 curveto
10.51 -60.71 9.55 -58.75 9.55 -58.75 curveto
9.01 -52.97 lineto stroke
 0.24501 0 dtransform exch truncate exch idtransform pop setlinewidth
newpath 4.53 -52.11 moveto
4.41 -55.34 lineto stroke
 0 0.24501 dtransform truncate idtransform setlinewidth pop
newpath 4.41 -55.34 moveto
4.4 -56.12 4.43 -56.92 4.57 -57.52 curveto
4.94 -59.2 4.81 -60.45 5.49 -61.77 curveto
6.16 -63.09 6.89 -64.03 7.45 -65.41 curveto
8.02 -66.79 8.12 -66.9 8.35 -68.42 curveto
8.58 -69.93 7.93 -71.27 7.93 -71.62 curveto
7.92 -71.97 9.31 -73.83 10.13 -73.91 curveto
10.96 -73.99 12.42 -75.69 15.87 -75.55 curveto
19.3 -75.41 18.23 -74.25 19.59 -74.6 curveto
20.96 -74.95 21.8 -75.78 23.63 -75.54 curveto
25.46 -75.3 27.29 -76.43 28.28 -76.55 curveto
29.26 -76.67 30 -76.96 31.15 -77.81 curveto
32.29 -78.66 34.13 -79.5 34.13 -79.5 curveto
34.13 -79.5 36.6 -80.32 37.01 -80.42 curveto
37.42 -80.52 39.5 -81.36 39.5 -81.36 curveto stroke
newpath 40.65 -78.35 moveto
36.23 -75.23 lineto
36.23 -75.23 33.89 -74.89 33.52 -72.68 curveto
33.16 -70.46 31.31 -68.18 31.22 -67.54 curveto
31.14 -66.89 28.58 -62.75 28.35 -61.94 curveto
28.12 -61.13 27.63 -60.38 27.82 -59.37 curveto
28.01 -58.36 28.58 -56.32 28.76 -55.62 curveto
28.94 -54.92 28.58 -53.64 28.76 -53.44 curveto
28.93 -53.23 30.59 -50.91 31.04 -51.84 curveto
31.49 -52.76 31.43 -54.18 32.9 -54.55 curveto
34.36 -54.92 37.44 -53.83 37.44 -53.83 curveto stroke
newpath 37.29 -51.74 moveto
37.29 -51.74 35.6 -50.81 35.34 -50.37 curveto
35.08 -49.93 32.27 -46.61 32.09 -46.31 curveto
31.92 -46.02 33.08 -42.63 33.02 -42.36 curveto
32.97 -42.1 33.54 -39.55 33.4 -38.64 curveto
33.26 -37.72 32.44 -36.77 31.51 -35.53 curveto
30.57 -34.29 25.99 -30.67 25.56 -30.13 curveto
25.49 -30.05 28.99 -30.03 29.93 -29.11 curveto
30.91 -28.15 28.23 -26.88 29.17 -26.58 curveto
30.34 -26.2 34.18 -28.93 36.36 -33.73 curveto stroke
newpath 39.17 -22.11 moveto
39.17 -22.11 34.84 -17.89 33.99 -16.79 curveto
33.13 -15.7 29.77 -10.6 28.79 -8.98 curveto
27.82 -7.36 22.74 3.03 22.74 3.03 curveto stroke
newpath 20.27 1.71 moveto
21.68 -5.53 lineto
21.68 -5.53 21.91 -7.84 21.08 -8.24 curveto
20.49 -8.53 19.32 -7.39 19.32 -7.39 curveto
16.56 -0.13 lineto stroke
newpath 14.95 -0.98 moveto
15.03 -5.08 lineto
15.03 -5.08 15.88 -7.68 15.91 -8.57 curveto
15.94 -9.46 15.01 -9.22 14.63 -8.75 curveto stroke
newpath 14.63 -8.75 moveto
14.63 -8.75 12.74 -4.14 12.54 -2.03 curveto
12.34 0.08 7.37 5.53 7.34 6.17 curveto
7.31 6.8 5.29 10.63 3.78 12.77 curveto
2.28 14.9 -1.61 21.85 -1.76 23.04 curveto
-1.9 24.23 -4.11 29.16 -3.92 29.91 curveto
-3.74 30.66 -4.06 33.19 -4.02 34.06 curveto
-3.97 34.92 -2.18 40.39 -2.09 40.71 curveto
-2.03 40.9 0.17 45.22 2.85 46.98 curveto
4.61 48.14 6.57 47.01 6.57 47.01 curveto stroke
newpath 12.06 60.65 moveto
11.81 60.8 9.63 62.11 8.25 64.27 curveto
6.5 67 5.61 72.36 5.54 73.21 curveto
5.41 74.71 5.74 77.34 5.74 77.34 curveto stroke
newpath -5.69 81.29 moveto
-5.68 78.77 lineto
-5.54 76.11 lineto
-5.36 73.91 lineto
-5.38 71.62 lineto
-6.25 70.37 lineto
-6.32 68.01 lineto
-7.38 64.94 lineto stroke
newpath -7.38 64.94 moveto
-10.32 65.91 lineto
-11.85 66.44 lineto
-13.33 67.17 lineto
-14.97 68.48 lineto
-16.55 69.43 lineto stroke
newpath 30.42 -22.17 moveto
30.42 -22.17 26.13 -17.22 25.72 -16.86 curveto
25.3 -16.51 24.77 -15.13 25.18 -15.48 curveto
25.6 -15.83 29.03 -19.69 29.03 -19.69 curveto
29.03 -19.69 32.83 -22.02 30.42 -22.17 curveto closepath stroke
newpath 23.82 -21.52 moveto
23.82 -21.52 19.24 -17.77 18.97 -16.83 curveto
18.71 -15.89 18.73 -15.27 20.74 -16.76 curveto
22.74 -18.26 25.71 -21.99 25.71 -21.99 curveto
25.71 -21.99 25.24 -22.38 23.82 -21.52 curveto closepath stroke
newpath -4.55 -11.91 moveto
-4.15 -12.07 0.19 -14.31 0.19 -14.31 curveto
0.19 -14.31 2.63 -14.86 2.44 -15.37 curveto
2.26 -15.88 1.68 -15.92 1.38 -15.85 curveto
1.09 -15.77 -1.2 -14.27 -2.02 -13.95 curveto
-2.83 -13.63 -6.1 -12.03 -6.1 -12.03 curveto
-7.35 -10.53 -4.95 -11.74 -4.55 -11.91 curveto closepath stroke
newpath -16.36 -4.36 moveto
-16.36 -4.36 -11.31 -7.66 -10.97 -7.81 curveto
-10.64 -7.96 -10.92 -9.13 -11.15 -9.07 curveto
-11.39 -9.02 -13.34 -8.09 -13.61 -7.9 curveto
-13.87 -7.71 -15.2 -7.14 -15.39 -6.9 curveto
-15.59 -6.67 -18.28 -3.66 -18.28 -3.66 curveto
-18.75 -2.49 -16.36 -4.36 -16.36 -4.36 curveto closepath stroke
newpath -7.18 12.78 moveto
-7.73 11.49 -7.98 10.07 -8.67 8.85 curveto
-9.28 7.73 -10.42 6.96 -10.97 5.81 curveto
-11.11 5.53 -11.07 5.18 -11.2 4.9 curveto
-11.87 3.49 -13.97 2.69 -14 1.13 curveto
-14.06 -1.49 -11.46 -3.54 -9.41 -5.13 curveto
-6.97 -7 -3.75 -7.5 -0.85 -8.52 curveto
1.09 -9.19 2.99 -10.07 5.01 -10.32 curveto
5.89 -10.43 7.11 -10.88 7.67 -10.19 curveto
9.53 -7.86 7.48 -4.05 6.28 -1.27 curveto
5 1.73 1.87 3.59 0.33 6.43 curveto
-0.64 8.21 -0.93 10.28 -1.66 12.15 curveto
-2.44 14.13 -3 16.26 -4.21 18.01 curveto
-4.69 18.71 -5.25 20.1 -6.04 19.78 curveto
-7.76 19.09 -6.01 15.99 -6.5 14.2 curveto
-6.64 13.69 -6.98 13.26 -7.18 12.78 curveto closepath stroke
newpath 15.61 -23.87 moveto
14.69 -22.53 12.74 -21.11 12.53 -20.25 curveto
12.31 -19.38 8.04 -16.47 12.09 -18.27 curveto
16.17 -20.08 21.04 -27.5 21.04 -27.5 curveto
21.26 -29.74 16.52 -25.22 15.61 -23.87 curveto closepath stroke
showpage
%%EOF
