%!PS
%%BoundingBox: -50 -31 54 30 
%%HiResBoundingBox: -49.9575 -30.31001 53.58 29.17758 
%%Creator: MetaPost 2.01
%%CreationDate: 2023.02.28:1206
%%Pages: 1
%%BeginProlog
%%EndProlog
%%Page: 1 1
 0 0 0 1 setcmykcolor 0 0.7 dtransform truncate idtransform setlinewidth pop
 [] 0 setdash 1 setlinecap 1 setlinejoin 10 setmiterlimit
newpath -23.12 21.47 moveto
-31.19 16.48 lineto
-45.1 20.29 lineto stroke
newpath 53.23 -21.97 moveto
51.76 -21.57 35.62 -13.96 31.8 -10.53 curveto
28.04 -7.15 25.44 -3.98 25.44 -3.98 curveto
17.49 4.48 lineto
17.49 4.48 16.59 5.51 15.06 7.11 curveto
13.53 8.71 8.2 9.41 8.2 9.41 curveto
8.2 9.41 2.65 8.91 1.51 7.65 curveto
0.37 6.39 -7.63 4.28 -9.71 5.26 curveto
-11.19 5.95 -19.68 8.28 -23.79 14.3 curveto
-25.5 16.8 -17.67 17.72 -17.67 17.72 curveto stroke
newpath -41.36 8.21 moveto
-41.36 8.21 -25.27 3.76 -23.55 2.89 curveto
-21.82 2.02 -13.66 -2.61 -12.31 -3.38 curveto
-10.95 -4.15 -7.53 -3.14 -5.77 -2.46 curveto
-4 -1.77 3.36 0.52 3.36 0.52 curveto
3.36 0.52 9.15 0.09 11.4 -3.27 curveto
13.65 -6.63 34.75 -22.5 36.03 -23.97 curveto
37.3 -25.43 39.58 -27.56 39.58 -27.56 curveto
45.44 -29.96 lineto stroke
newpath 43.08559 -25.0838 moveto
43.46072 -24.2818 lineto
44.24199 -23.86523 lineto
42.5467 -23.41444 lineto
 closepath fill
 1 1 1 setrgbcolor
newpath 43.08559 -25.0838 moveto
43.46072 -24.2818 lineto
44.24199 -23.86523 lineto
46.06993 -25.59988 lineto
44.91353 -26.81845 lineto
 closepath fill
 0 0 0 1 setcmykcolor 0 0.24501 dtransform truncate idtransform setlinewidth pop
newpath 45.49173 -26.20917 moveto
43.3084 -24.13725 lineto stroke
newpath 24.84402 -10.29463 moveto
25.32712 -9.55264 lineto
26.15875 -9.24886 lineto
24.54271 -8.56651 lineto
 closepath fill
 1 1 1 setrgbcolor
newpath 24.84402 -10.29463 moveto
25.32712 -9.55264 lineto
26.15875 -9.24886 lineto
27.7275 -11.22102 lineto
26.41277 -12.2668 lineto
 closepath fill
 0 0 0 1 setcmykcolor
newpath 27.07013 -11.74391 moveto
25.1964 -9.3883 lineto stroke
newpath 34.15558 -18.3838 moveto
34.53072 -17.5818 lineto
35.31198 -17.16524 lineto
33.6167 -16.71445 lineto
 closepath fill
 1 1 1 setrgbcolor
newpath 34.15558 -18.3838 moveto
34.53072 -17.5818 lineto
35.31198 -17.16524 lineto
37.13992 -18.89989 lineto
35.98352 -20.11845 lineto
 closepath fill
 0 0 0 1 setcmykcolor
newpath 36.56172 -19.50917 moveto
34.37839 -17.43726 lineto stroke
 0 0.7 dtransform truncate idtransform setlinewidth pop
newpath -17.56 17.71 moveto
-17.56 17.71 -13.66 15.86 -10.9 16.98 curveto
-8.13 18.11 -5.68 17.08 -5.27 20.04 curveto
-4.86 23.01 -7.8 27.05 -7.8 27.05 curveto stroke
newpath -14.82 28.51 moveto
-15.88 28.24 -17.31 29.9 -19.65 27.54 curveto
-21.99 25.17 -23.19 21.37 -23.19 21.37 curveto stroke
-1 THsetalpha
 0 0 0 0 setcmykcolor
newpath -31.35002 8.20998 moveto
-31.54333 8.40329 -31.54333 8.7167 -31.35002 8.91002 curveto
-31.15671 9.10333 -30.84329 9.10333 -30.64998 8.91002 curveto
-30.45667 8.7167 -30.45667 8.40329 -30.64998 8.20998 curveto
-30.84329 8.01666 -31.15671 8.01666 -31.35002 8.20998 curveto closepath fill
 0.6 0.6 0.6 setrgbcolor 0 0.24501 dtransform truncate idtransform setlinewidth pop
newpath -31.35002 8.20998 moveto
-31.54333 8.40329 -31.54333 8.7167 -31.35002 8.91002 curveto
-31.15671 9.10333 -30.84329 9.10333 -30.64998 8.91002 curveto
-30.45667 8.7167 -30.45667 8.40329 -30.64998 8.20998 curveto
-30.84329 8.01666 -31.15671 8.01666 -31.35002 8.20998 curveto closepath stroke
-1 THsetalpha
 0 0 0 0 setcmykcolor
newpath -6.63002 -1.54002 moveto
-6.82333 -1.34671 -6.82333 -1.0333 -6.63002 -0.83998 curveto
-6.4367 -0.64667 -6.12329 -0.64667 -5.92998 -0.83998 curveto
-5.73666 -1.0333 -5.73666 -1.34671 -5.92998 -1.54002 curveto
-6.12329 -1.73334 -6.4367 -1.73334 -6.63002 -1.54002 curveto closepath fill
 0.6 0.6 0.6 setrgbcolor
newpath -6.63002 -1.54002 moveto
-6.82333 -1.34671 -6.82333 -1.0333 -6.63002 -0.83998 curveto
-6.4367 -0.64667 -6.12329 -0.64667 -5.92998 -0.83998 curveto
-5.73666 -1.0333 -5.73666 -1.34671 -5.92998 -1.54002 curveto
-6.12329 -1.73334 -6.4367 -1.73334 -6.63002 -1.54002 curveto closepath stroke
-1 THsetalpha
 0 0 0 0 setcmykcolor
newpath 8.74998 5.13998 moveto
8.55667 5.3333 8.55667 5.64671 8.74998 5.84003 curveto
8.9433 6.03334 9.25671 6.03334 9.45003 5.84003 curveto
9.64334 5.64671 9.64334 5.3333 9.45003 5.13998 curveto
9.25671 4.94667 8.9433 4.94667 8.74998 5.13998 curveto closepath fill
 0.6 0.6 0.6 setrgbcolor
newpath 8.74998 5.13998 moveto
8.55667 5.3333 8.55667 5.64671 8.74998 5.84003 curveto
8.9433 6.03334 9.25671 6.03334 9.45003 5.84003 curveto
9.64334 5.64671 9.64334 5.3333 9.45003 5.13998 curveto
9.25671 4.94667 8.9433 4.94667 8.74998 5.13998 curveto closepath stroke
-1 THsetalpha
 0 0 0 0 setcmykcolor
newpath 30.44998 -13.42003 moveto
30.25667 -13.22672 30.25667 -12.9133 30.44998 -12.71999 curveto
30.6433 -12.52667 30.95671 -12.52667 31.15002 -12.71999 curveto
31.34334 -12.9133 31.34334 -13.22672 31.15002 -13.42003 curveto
30.95671 -13.61334 30.6433 -13.61334 30.44998 -13.42003 curveto closepath fill
 0.6 0.6 0.6 setrgbcolor
newpath 30.44998 -13.42003 moveto
30.25667 -13.22672 30.25667 -12.9133 30.44998 -12.71999 curveto
30.6433 -12.52667 30.95671 -12.52667 31.15002 -12.71999 curveto
31.34334 -12.9133 31.34334 -13.22672 31.15002 -13.42003 curveto
30.95671 -13.61334 30.6433 -13.61334 30.44998 -13.42003 curveto closepath stroke
-1 THsetalpha
 0 0 0 0 setcmykcolor
newpath -49.69002 12.99998 moveto
-49.88333 13.1933 -49.88333 13.50671 -49.69002 13.70003 curveto
-49.4967 13.89334 -49.18329 13.89334 -48.98997 13.70003 curveto
-48.79666 13.50671 -48.79666 13.1933 -48.98997 12.99998 curveto
-49.18329 12.80667 -49.4967 12.80667 -49.69002 12.99998 curveto closepath fill
 0.6 0.6 0.6 setrgbcolor
newpath -49.69002 12.99998 moveto
-49.88333 13.1933 -49.88333 13.50671 -49.69002 13.70003 curveto
-49.4967 13.89334 -49.18329 13.89334 -48.98997 13.70003 curveto
-48.79666 13.50671 -48.79666 13.1933 -48.98997 12.99998 curveto
-49.18329 12.80667 -49.4967 12.80667 -49.69002 12.99998 curveto closepath stroke
-1 THsetalpha
 0 0 0 0 setcmykcolor
newpath -42.75002 10.11998 moveto
-42.94333 10.3133 -42.94333 10.62671 -42.75002 10.82002 curveto
-42.5567 11.01334 -42.24329 11.01334 -42.04997 10.82002 curveto
-41.85666 10.62671 -41.85666 10.3133 -42.04997 10.11998 curveto
-42.24329 9.92667 -42.5567 9.92667 -42.75002 10.11998 curveto closepath fill
 0.6 0.6 0.6 setrgbcolor
newpath -42.75002 10.11998 moveto
-42.94333 10.3133 -42.94333 10.62671 -42.75002 10.82002 curveto
-42.5567 11.01334 -42.24329 11.01334 -42.04997 10.82002 curveto
-41.85666 10.62671 -41.85666 10.3133 -42.04997 10.11998 curveto
-42.24329 9.92667 -42.5567 9.92667 -42.75002 10.11998 curveto closepath stroke
showpage
%%EOF
