%!PS
%%BoundingBox: -115 -101 121 110 
%%HiResBoundingBox: -114.04251 -100.32251 120.96251 109.83014 
%%Creator: MetaPost 2.01
%%CreationDate: 2023.02.28:1206
%%Pages: 1
%%BeginProlog
%%EndProlog
%%Page: 1 1
 0 0.24501 dtransform truncate idtransform setlinewidth pop [] 0 setdash
 1 setlinecap 1 setlinejoin 10 setmiterlimit
newpath 97.45 109 moveto
97.45 109 91.45 109.48 89.33 109.68 curveto
87.2 109.87 85.8 109.08 82.93 107.31 curveto
80.06 105.54 77.31 106.3 75.9 105.51 curveto
74.49 104.71 68.65 102.19 66.9 100.9 curveto
65.16 99.6 61.02 98.97 58.23 98.16 curveto
55.43 97.36 43.03 88.34 42.28 87.75 curveto
41.52 87.17 34.8 86.45 32.1 83.83 curveto
29.4 81.21 32.04 81.47 32.04 81.47 curveto
35.97 72.87 lineto
38.64 72.53 lineto
38.64 72.53 43.41 72.6 44.36 71.74 curveto
45.31 70.89 47.31 71.72 48.07 72.3 curveto
48.83 72.88 51.4 72.17 51.4 72.17 curveto
53.87 72.71 lineto
53.66 70.93 58.59 73.38 59.16 71.68 curveto
61.24 65.46 68.28 62.23 72.28 57.03 curveto
73 56.1 74.19 55.26 74.21 54.09 curveto
74.24 52.48 72.28 51.47 71.69 49.98 curveto
71.08 48.43 71.66 46.44 70.68 45.1 curveto
68.84 42.58 65.56 41.26 62.53 40.49 curveto
59.55 39.73 55.93 42.25 53.3 40.64 curveto
51.77 39.71 51.76 37.4 50.93 35.81 curveto
49.19 32.49 47.21 29.3 45.45 25.99 curveto
44.13 23.51 42.49 20.3 41.63 18.47 curveto
40.77 16.65 35.69 4.28 34.22 -3.21 curveto
33.91 -4.76 36.2 -7.2 33.93 -7.94 curveto
31.66 -8.69 26.38 -9.44 23.85 -12.04 curveto
22.15 -13.79 23.04 -17.19 21.27 -18.88 curveto
19.67 -20.42 17.09 -21.51 14.94 -20.93 curveto
12.69 -20.33 12.1 -17.29 10.26 -15.94 curveto
7.01 -13.56 1.63 -13.98 -0.64 -10.71 curveto
-1.81 -9.02 -0.35 -5.53 -1.21 -4.55 curveto
-3.12 -2.35 -7.33 -3.12 -9.12 -1.91 curveto
-11.71 -0.16 -12.21 2.21 -13.9 4.15 curveto
-14.7 5.05 -17.25 6.98 -17.25 6.98 curveto stroke
newpath -17.16 6.95 moveto
-17.16 6.95 -21.16 15.73 -23.19 17.1 curveto
-25.23 18.48 -30.01 23.03 -30.62 25.21 curveto
-31.22 27.39 -35.68 54.82 -36.29 57 curveto
-36.89 59.18 -38.22 66 -39.19 68.28 curveto
-40.17 70.57 -44.99 80.77 -44.99 80.77 curveto
-52.05 82.91 lineto
-56.38 86.13 lineto
-57.14 89.16 lineto
-55.78 94.01 lineto
-53.19 96.1 lineto
-53.19 96.1 -53.2 101.7 -55.29 101.02 curveto
-57.38 100.33 -61.14 98.21 -62.4 98.25 curveto
-63.65 98.28 -70.9 92.69 -70.9 92.69 curveto
-70.9 92.69 -72.24 92.43 -72.57 91.25 curveto
-72.9 90.08 -70.62 86.93 -70.62 86.93 curveto
-69.4 85.64 lineto
-64.95 83.47 lineto
-64.95 83.47 -56.43 73.17 -55.95 71.45 curveto
-55.48 69.73 -50.93 62.11 -50.16 60.31 curveto
-49.39 58.52 -44.51 44.17 -44.54 42.91 curveto
-44.58 41.66 -41.06 31.48 -40.57 27.53 curveto
-40.08 23.59 -31.23 7.51 -31.23 7.51 curveto
-31.23 7.51 -33.77 0.62 -35.47 -2.07 curveto
-37.18 -4.76 -38.47 -5.98 -41.49 -7.68 curveto
-44.5 -9.38 -52.79 -14.07 -56.37 -14.36 curveto
-59.95 -14.65 -67.23 -16.81 -67.23 -16.81 curveto
-67.23 -16.81 -74.01 -11.84 -75.43 -7.98 curveto
-76.85 -4.11 -82.36 17.95 -83.13 19.74 curveto
-83.89 21.53 -94.55 45.61 -94.55 45.61 curveto
-98.74 57.46 lineto
-98.74 57.46 -102.36 64.41 -103.34 65.29 curveto
-104.32 66.16 -110.54 75.99 -110.54 75.99 curveto stroke
newpath -113.92 58.54 moveto
-113.92 58.54 -105.86 44.72 -105.02 43.24 curveto
-104.18 41.75 -100.28 36.6 -99.97 34.31 curveto
-99.66 32.02 -98.51 30.44 -97.49 27.31 curveto
-96.46 24.18 -91.64 10.85 -91.54 8.93 curveto
-91.44 7.01 -85.62 -9.42 -83.75 -12.79 curveto
-81.87 -16.16 -75.58 -26.37 -75.58 -26.37 curveto
-71.37 -39.45 lineto stroke
newpath -60.56 -39.49 moveto
-62.21 -30.17 lineto
-56.32 -26.35 lineto
-56.32 -26.35 -52.52 -24.2 -50.95 -26.53 curveto
-49.38 -28.87 -48.53 -33.84 -48.53 -33.84 curveto
-46.18 -40.2 lineto
-41.48 -37.05 lineto
-41.89 -32.82 lineto
-43.63 -23.15 lineto
-43.63 -23.15 -40.23 -23.46 -39.76 -25.18 curveto
-39.29 -26.9 -37.08 -30.36 -37.08 -30.36 curveto
-33.99 -34.07 lineto
-31.75 -36.28 lineto
-27.64 -35.2 lineto
-27.85 -29.12 lineto
-28.6 -18.13 lineto
-28.42 -14.06 lineto
-28.42 -14.06 -25.87 -12.87 -25.54 -11.7 curveto
-25.21 -10.52 -24.08 -9.87 -23.17 -8.85 curveto
-22.26 -7.83 -18.73 -7.53 -18.73 -7.53 curveto
-12.87 -9.17 lineto stroke
newpath -13.11 -9.58 moveto
-13.11 -9.58 -2.24 -20.82 -0.44 -21.67 curveto
1.36 -22.52 2.9 -21.92 4.85 -23.5 curveto
6.81 -25.08 11.85 -29.23 11.85 -29.23 curveto
11.85 -29.23 15.99 -26.72 17.34 -30.51 curveto
18.68 -34.3 22.33 -36.43 23.6 -36.79 curveto stroke
newpath 23.6 -36.79 moveto
23.6 -36.79 34.45 -57.73 35.18 -59.59 curveto
35.9 -61.46 40.76 -76.97 40.76 -76.97 curveto
52.61 -92.73 lineto
57.24 -100.2 lineto stroke
newpath 68.7 -95.65 moveto
66.92 -94.18 64.94 -92.61 64.2 -90.34 curveto
63.88 -87.83 65.27 -85.49 66.49 -83.41 curveto
67.35 -81.94 68.37 -80.57 69.44 -79.24 curveto
71.73 -78.09 74.02 -76.88 75.93 -75.14 curveto
77.32 -74.31 79.07 -74.15 80.28 -72.99 curveto
81.61 -72.09 81.99 -70.53 82.58 -69.15 curveto
83.19 -67.71 85.13 -68.57 86.07 -67.45 curveto
87.24 -66.38 87.67 -64.5 89.25 -63.93 curveto
91.12 -64.3 90.96 -66.64 90.93 -68.11 curveto
91.2 -69.6 91.94 -71.12 91.56 -72.63 curveto
90.3 -75.45 88.7 -78.11 86.72 -80.48 curveto
85.19 -82.31 83.88 -84.34 82.27 -86.09 curveto
81.92 -86.48 81.53 -86.83 81.15 -87.19 curveto stroke
newpath 89.08 -94.23 moveto
89.08 -94.23 92.58 -87.98 93.73 -86.32 curveto
94.87 -84.66 100.48 -80.77 100.98 -78.94 curveto
101.49 -77.1 101.45 -74.02 101.18 -73.56 curveto
100.92 -73.09 98.52 -69.95 99.39 -68.22 curveto
100.26 -66.49 99.82 -64.88 101.02 -64.82 curveto
102.22 -64.76 102.33 -64.69 103.21 -64.74 curveto
104.09 -64.78 107.32 -65.58 107.9 -66.34 curveto
108.48 -67.09 110.82 -67.55 110.82 -67.55 curveto
117.14 -70.39 lineto stroke
newpath 120.84 -60.95 moveto
117.37 -60.01 113.97 -58.81 110.56 -57.73 curveto
106.51 -57.04 101.95 -57.67 98.39 -55.3 curveto
95.89 -53.63 95.23 -50.4 92.46 -49.02 curveto
90.65 -46.89 90.42 -43.28 87.62 -42.04 curveto
85.11 -42.53 85.57 -46.57 85.78 -48.68 curveto
86.39 -51.77 85.66 -54.79 84.89 -57.78 curveto
84.92 -59.59 86.11 -61.99 83.22 -62.07 curveto
77.82 -63.52 72.61 -65.58 67.27 -67.26 curveto
64.6 -67.82 62.02 -66.19 59.24 -66.85 curveto
55.06 -65.91 50.74 -65.63 46.68 -64.22 curveto
45.05 -63.07 45.09 -60.14 44.16 -58.31 curveto
43.06 -56.16 42.56 -53.76 45.09 -52.66 curveto
46.31 -51.25 47.53 -49.85 48.75 -48.44 curveto stroke
newpath 44.19 -46.31 moveto
44.19 -46.31 42.02 -50 39.58 -48.46 curveto
37.14 -46.92 34.03 -42.62 33.67 -40.8 curveto
33.32 -38.98 32.39 -35.56 31.95 -34.01 curveto stroke
newpath 31.95 -34.01 moveto
27.9 -32.26 30.1 -21.66 30.1 -21.66 curveto
30.1 -21.66 35 -21.31 36.82 -19.75 curveto
38.64 -18.19 42.57 -12.75 43.95 -9.01 curveto
44.34 -7.95 42.99 -2.42 43.44 3.1 curveto
43.73 6.71 45.52 10.11 46.52 12.94 curveto
49.42 21.17 55.42 23.56 55.42 23.56 curveto
55.42 23.56 57.45 29.17 58.47 31.64 curveto
59.5 34.1 64.65 26.12 65.32 27.31 curveto
66 28.5 73.55 27.38 73.55 27.38 curveto
75.47 33.1 lineto
82.22 24.71 lineto
85.99 18.5 lineto
90.14 19.46 lineto stroke
newpath 89.85 20.28 moveto
88.72 24.3 89.47 37.27 89.39 37.97 curveto
89.19 39.74 101.07 42.42 100.73 44.92 curveto
100.39 47.42 87.68 46.91 86.83 51.27 curveto
86.48 53.07 83.36 52.27 82.81 53.93 curveto
82.03 56.3 83.79 60.93 83.25 61.89 curveto
82.33 63.52 79.99 66.23 78.57 67.32 curveto
77.16 68.4 77.87 71.11 74.98 74.32 curveto
72.1 77.53 68.95 77.21 68.35 78.75 curveto
67.74 80.29 67.35 81.26 67 82.56 curveto
66.55 84.23 67.31 86.51 66.01 87.65 curveto
64.82 88.69 55.81 80.5 54.58 79.51 curveto stroke
newpath 54.57 78.61 moveto
54.57 78.61 53.21 81.56 53.84 82.38 curveto
54.46 83.19 56.6 83.79 57.54 84.32 curveto
58.48 84.85 64.82 91.99 65.94 92.46 curveto
67.06 92.94 80.3 98.55 80.3 98.55 curveto
80.3 98.55 88 101.35 90.78 101.37 curveto
93.55 101.39 98.57 105.92 98.57 105.92 curveto stroke
newpath 71.97 35.48 moveto
72.18 34.43 72.87 34.44 71.92 33.52 curveto
70.97 32.59 67.22 31.16 66.16 31.65 curveto
65.11 32.14 63.07 32.61 63.02 34.21 curveto
62.97 35.81 63.56 37.23 64.46 37.27 curveto
65.36 37.32 68.87 37.14 69.58 36.84 curveto
70.29 36.54 70.94 37.45 71.58 37.27 curveto
72.22 37.09 71.97 35.48 71.97 35.48 curveto closepath stroke
newpath 55.84 -81.14 moveto
53.22 -77.07 lineto
56.12 -74.55 lineto
57.71 -73.32 lineto
57.71 -73.32 59.56 -74.48 60.24 -74.17 curveto
60.92 -73.86 62.12 -74.89 62.71 -75.25 curveto
63.3 -75.61 64.9 -75.56 65.5 -75.53 curveto
66.1 -75.5 69.56 -74.77 66.42 -76.48 curveto
63.29 -78.18 59.94 -81.89 59.94 -81.89 curveto
 closepath stroke
showpage
%%EOF
