%!PS
%%BoundingBox: -41 -40 30 23 
%%HiResBoundingBox: -40.46 -39.97 29.09001 22.46504 
%%Creator: MetaPost 2.01
%%CreationDate: 2023.02.28:1206
%%Pages: 1
%%BeginProlog
%%EndProlog
%%Page: 1 1
 0 0 0 1 setcmykcolor 0 0.7 dtransform truncate idtransform setlinewidth pop
 [] 0 setdash 1 setlinecap 1 setlinejoin 10 setmiterlimit
newpath 23.39 -10.48 moveto
23.39 -10.48 23.1 -12.19 22.44 -12.78 curveto
21.18 -13.9 19.15 -14.25 17.53 -14.99 curveto
16.24 -15.6 15.09 -16.49 13.77 -16.96 curveto
11.69 -17.69 9.43 -17.83 7.23 -17.85 curveto
5.46 -17.87 3.93 -17.62 2.41 -17.28 curveto
0.38 -16.83 -1.64 -16.18 -3.73 -15.64 curveto
-5.19 -15.26 -6.86 -15.4 -8.09 -14.55 curveto
-9.32 -13.69 -9.73 -12.06 -10.59 -10.84 curveto
-11.26 -9.9 -11.93 -8.94 -12.73 -8.09 curveto
-13.39 -7.37 -14.41 -6.96 -14.87 -6.11 curveto
-15.27 -5.34 -15.16 -4.39 -15.27 -3.52 curveto
-15.39 -2.6 -15.57 -1.68 -15.54 -0.75 curveto
-15.5 0.38 -14.98 2.59 -14.98 2.59 curveto stroke
newpath -20.88 -0.64 moveto
-20.71 -3.07 -20.22 -5.47 -19.99 -7.88 curveto
-19.83 -9.56 -20.31 -11.09 -22.35 -10.82 curveto
-24.3 -11.56 -25.93 -12.93 -27.75 -13.94 curveto
-29.64 -14.99 -31.72 -14.69 -33.7 -14.94 curveto
-35.66 -14.68 -38.26 -16.03 -39.74 -14.41 curveto stroke
newpath -40.11 -22.83 moveto
-37.66 -23.84 -36.99 -26.65 -35.79 -28.76 curveto
-34.97 -31.07 -33.76 -33.35 -31.22 -34.15 curveto
-28.23 -35.55 -24.83 -35.11 -21.66 -35.46 curveto
-20.06 -35.64 -18.44 -35.8 -16.87 -36.23 curveto stroke
newpath -9.67 -35.84 moveto
-9.67 -36.75 -8.7 -34.61 -7.7 -36.46 curveto
-6.64 -38.42 -5.68 -38.8 -3.85 -38.75 curveto
-1.99 -38.7 1.78 -36.97 2.76 -36.49 curveto
3.73 -36.03 5.28 -36.13 5.59 -37.05 curveto
5.91 -37.99 6.05 -39.62 6.05 -39.62 curveto stroke
newpath -15.18 -30.81 moveto
-15.18 -30.81 -18.74 -29.39 -20.71 -28.66 curveto
-22.68 -27.94 -24.25 -27.75 -25.4 -26.78 curveto
-26.55 -25.81 -28.8 -25.64 -28.42 -24.62 curveto
-28.02 -23.55 -27.46 -22.57 -26.85 -22.2 curveto
-26.24 -21.83 -18.39 -24.37 -16.85 -24.58 curveto
-15.34 -24.79 -13.33 -22.28 -11.42 -21.37 curveto
-9.6 -20.5 -7.97 -22.52 -7.86 -23.67 curveto
-7.82 -24.09 -9.42 -26.3 -9.68 -27.77 curveto
-9.95 -29.25 -10.61 -28.73 -10.64 -29.86 curveto stroke
newpath 17.61 -34.92 moveto
18.16 -28.54 15.81 -28.4 20.37 -26.8 curveto
24.84 -25.24 25.25 -23.27 28.74 -23.9 curveto stroke
-1 THsetalpha
 0 0 0 0 setcmykcolor
newpath -15.07996 -36.73996 moveto
-9.48004 -36.73996 lineto
-9.48004 -31.14005 lineto
-15.07996 -31.14005 lineto
 closepath fill
 0 0 0 1 setcmykcolor 0 0.35 dtransform truncate idtransform setlinewidth pop
newpath -15.07996 -36.73996 moveto
-9.48004 -36.73996 lineto
-9.48004 -31.14005 lineto
-15.07996 -31.14005 lineto
 closepath stroke
newpath -13.75005 -31.80505 moveto
-12.28 -36.07495 lineto
-10.80995 -31.80505 lineto stroke
newpath -0.28867 -31.84949 moveto
-0.98285 -31.29993 lineto
-1.20853 -30.44379 lineto
-2.03722 -31.98988 lineto
 closepath fill
 1 1 1 setrgbcolor
newpath -0.28867 -31.84949 moveto
-0.98285 -31.29993 lineto
-1.20853 -30.44379 lineto
0.90012 -29.06393 lineto
1.81998 -30.46964 lineto
 closepath fill
 0 0 0 1 setcmykcolor 0 0.24501 dtransform truncate idtransform setlinewidth pop
newpath 1.36005 -29.76678 moveto
-1.15857 -31.41492 lineto stroke
newpath -10.29434 -17.87158 moveto
-10.19002 -16.99237 lineto
-9.57907 -16.35153 lineto
-11.33015 -16.45586 lineto
 closepath fill
 1 1 1 setrgbcolor
newpath -10.29434 -17.87158 moveto
-10.19002 -16.99237 lineto
-9.57907 -16.35153 lineto
-7.29889 -17.42451 lineto
-8.01416 -18.94456 lineto
 closepath fill
 0 0 0 1 setcmykcolor
newpath -7.65652 -18.18454 moveto
-10.38002 -16.90295 lineto stroke
 0 0.7 dtransform truncate idtransform setlinewidth pop
newpath -14.98 2.59 moveto
-14.98 2.59 -15.1 4.67 -14.69 5.59 curveto
-14.48 6.05 -14.06 6.4 -13.66 6.71 curveto
-13.32 6.97 -12.88 7.07 -12.52 7.3 curveto
-11.79 7.78 -11.2 8.45 -10.47 8.94 curveto
-10.18 9.14 -9.78 9.2 -9.56 9.47 curveto
-8.9 10.25 -8.75 11.34 -8.49 12.32 curveto
-8.21 13.39 -7.95 15.59 -7.95 15.59 curveto stroke
newpath -10.43 17.41 moveto
-10.43 17.41 -10.16 15.21 -10.98 15.16 curveto
-11.8 15.12 -12.71 15.61 -13.28 14.8 curveto
-13.84 13.99 -14.31 13.16 -15 13.3 curveto
-15.68 13.43 -16.93 14.26 -17.85 14.28 curveto
-18.77 14.29 -19.19 13.11 -20.23 13.52 curveto
-21.26 13.94 -22.41 14.46 -23.18 14.53 curveto
-23.94 14.6 -24.03 13.78 -24.64 14.32 curveto
-25.25 14.85 -25.97 15.82 -26.59 15.75 curveto
-27.22 15.67 -29.57 13.07 -29.69 12.48 curveto
-29.81 11.89 -31.9 8.1 -31.78 7.66 curveto
-31.66 7.22 -31.96 6.77 -31.55 5.76 curveto
-31.14 4.74 -30.06 3.5 -29.97 2.45 curveto
-29.88 1.4 -31.06 0.08 -30.63 -0.32 curveto
-30.2 -0.71 -30.23 -4.86 -30.23 -4.86 curveto stroke
newpath -28.57 -5.16 moveto
-28.41 -3.34 -28.61 -1.38 -27.15 -0.12 curveto
-26.82 1.91 -25.18 2.52 -23.58 3.33 curveto
-22.27 3.57 -21.22 2.32 -21.22 1.09 curveto
-21.1 0.51 -20.99 -0.06 -20.88 -0.64 curveto stroke
 0 0.35 dtransform truncate idtransform setlinewidth pop
newpath -8.87004 21.59 moveto
-8.87004 22.52339 -7.46996 22.52339 -7.46996 21.59 curveto
-7.46996 20.93842 -8.17 20.49158 -8.17 19.84 curveto stroke
 0 0.84 dtransform truncate idtransform setlinewidth pop
newpath -8.17 18.79004 moveto 0 0 rlineto stroke
 1 0.85715 0 0.3 setcmykcolor 0 0.35
 dtransform truncate idtransform setlinewidth pop
newpath -31.29507 10.27315 moveto
-30.72118 10.19147 -30.38586 11.13211 -29.79073 10.90749 curveto
-29.01851 10.61601 -29.99901 9.05179 -29.01741 8.88846 curveto
-27.95216 8.71118 -28.50398 10.57182 -27.70178 10.68095 curveto
-26.8016 10.8034 -27.06451 9.4419 -26.5229 9.02832 curveto
-25.86336 8.52469 -25.10258 9.39183 -24.36493 9.28685 curveto stroke
newpath -26.75922 8.60078 moveto
-26.61034 8.4237 -26.45108 8.27296 -26.25969 8.22215 curveto
-25.45761 8.00926 -25.08661 9.10153 -24.36493 9.28685 curveto
-25.00626 9.66614 -26.04099 9.15614 -26.45755 9.87384 curveto
-26.55696 10.04509 -26.56299 10.26428 -26.54305 10.4948 curveto
 closepath stroke
newpath -26.75922 8.60078 moveto
-26.61034 8.4237 -26.45108 8.27296 -26.25969 8.22215 curveto
-25.45761 8.00926 -25.08661 9.10153 -24.36493 9.28685 curveto
-25.00626 9.66614 -26.04099 9.15614 -26.45755 9.87384 curveto
-26.55696 10.04509 -26.56299 10.26428 -26.54305 10.4948 curveto
 closepath fill
newpath -11.81853 10.37256 moveto
-11.54549 10.88391 -12.31471 11.52074 -11.90007 12.00316 curveto
-11.36209 12.62912 -10.22755 11.17274 -9.73834 12.03928 curveto
-9.20743 12.97966 -11.14459 13.09749 -10.97276 13.88864 curveto
-10.77995 14.77641 -9.59048 14.0637 -9.01659 14.4312 curveto
-8.31775 14.87871 -8.8724 15.89018 -8.52147 16.54745 curveto stroke
newpath -8.69566 14.0629 moveto
-8.47835 14.14224 -8.28223 14.24034 -8.16902 14.40282 curveto
-7.69464 15.0837 -8.59418 15.80591 -8.52147 16.54745 curveto
-9.09723 16.07452 -8.9719 14.92778 -9.78877 14.78178 curveto
-9.9837 14.74693 -10.19173 14.81624 -10.40152 14.9138 curveto
 closepath stroke
newpath -8.69566 14.0629 moveto
-8.47835 14.14224 -8.28223 14.24034 -8.16902 14.40282 curveto
-7.69464 15.0837 -8.59418 15.80591 -8.52147 16.54745 curveto
-9.09723 16.07452 -8.9719 14.92778 -9.78877 14.78178 curveto
-9.9837 14.74693 -10.19173 14.81624 -10.40152 14.9138 curveto
 closepath fill
-1 THsetalpha
 0 0 0 0 setcmykcolor
newpath 27.62997 -15.16002 moveto
27.43666 -14.9667 27.43666 -14.65329 27.62997 -14.45998 curveto
27.82329 -14.26666 28.1367 -14.26666 28.33002 -14.45998 curveto
28.52333 -14.65329 28.52333 -14.9667 28.33002 -15.16002 curveto
28.1367 -15.35333 27.82329 -15.35333 27.62997 -15.16002 curveto closepath fill
 0.6 0.6 0.6 setrgbcolor 0 0.24501 dtransform truncate idtransform setlinewidth pop
newpath 27.62997 -15.16002 moveto
27.43666 -14.9667 27.43666 -14.65329 27.62997 -14.45998 curveto
27.82329 -14.26666 28.1367 -14.26666 28.33002 -14.45998 curveto
28.52333 -14.65329 28.52333 -14.9667 28.33002 -15.16002 curveto
28.1367 -15.35333 27.82329 -15.35333 27.62997 -15.16002 curveto closepath stroke
-1 THsetalpha
 0 0 0 0 setcmykcolor
newpath 15.93997 -20.29002 moveto
15.74666 -20.09671 15.74666 -19.7833 15.93997 -19.58998 curveto
16.13329 -19.39667 16.4467 -19.39667 16.64001 -19.58998 curveto
16.83333 -19.7833 16.83333 -20.09671 16.64001 -20.29002 curveto
16.4467 -20.48334 16.13329 -20.48334 15.93997 -20.29002 curveto closepath fill
 0.6 0.6 0.6 setrgbcolor
newpath 15.93997 -20.29002 moveto
15.74666 -20.09671 15.74666 -19.7833 15.93997 -19.58998 curveto
16.13329 -19.39667 16.4467 -19.39667 16.64001 -19.58998 curveto
16.83333 -19.7833 16.83333 -20.09671 16.64001 -20.29002 curveto
16.4467 -20.48334 16.13329 -20.48334 15.93997 -20.29002 curveto closepath stroke
-1 THsetalpha
 0 0 0 0 setcmykcolor
newpath 0.01997 -25.62003 moveto
-0.17334 -25.42671 -0.17334 -25.1133 0.01997 -24.91998 curveto
0.21329 -24.72667 0.5267 -24.72667 0.72002 -24.91998 curveto
0.91333 -25.1133 0.91333 -25.42671 0.72002 -25.62003 curveto
0.5267 -25.81334 0.21329 -25.81334 0.01997 -25.62003 curveto closepath fill
 0.6 0.6 0.6 setrgbcolor
newpath 0.01997 -25.62003 moveto
-0.17334 -25.42671 -0.17334 -25.1133 0.01997 -24.91998 curveto
0.21329 -24.72667 0.5267 -24.72667 0.72002 -24.91998 curveto
0.91333 -25.1133 0.91333 -25.42671 0.72002 -25.62003 curveto
0.5267 -25.81334 0.21329 -25.81334 0.01997 -25.62003 curveto closepath stroke
-1 THsetalpha
 0 0 0 0 setcmykcolor
newpath -2.53001 -19.03001 moveto
-2.72333 -18.8367 -2.72333 -18.52328 -2.53001 -18.32997 curveto
-2.3367 -18.13666 -2.02328 -18.13666 -1.82997 -18.32997 curveto
-1.63666 -18.52328 -1.63666 -18.8367 -1.82997 -19.03001 curveto
-2.02328 -19.22333 -2.3367 -19.22333 -2.53001 -19.03001 curveto closepath fill
 0.6 0.6 0.6 setrgbcolor
newpath -2.53001 -19.03001 moveto
-2.72333 -18.8367 -2.72333 -18.52328 -2.53001 -18.32997 curveto
-2.3367 -18.13666 -2.02328 -18.13666 -1.82997 -18.32997 curveto
-1.63666 -18.52328 -1.63666 -18.8367 -1.82997 -19.03001 curveto
-2.02328 -19.22333 -2.3367 -19.22333 -2.53001 -19.03001 curveto closepath stroke
-1 THsetalpha
 0 0 0 0 setcmykcolor
newpath -15.61002 -12.05002 moveto
-15.80333 -11.8567 -15.80333 -11.54329 -15.61002 -11.34998 curveto
-15.4167 -11.15666 -15.10329 -11.15666 -14.90997 -11.34998 curveto
-14.71666 -11.54329 -14.71666 -11.8567 -14.90997 -12.05002 curveto
-15.10329 -12.24333 -15.4167 -12.24333 -15.61002 -12.05002 curveto closepath fill
 0.6 0.6 0.6 setrgbcolor
newpath -15.61002 -12.05002 moveto
-15.80333 -11.8567 -15.80333 -11.54329 -15.61002 -11.34998 curveto
-15.4167 -11.15666 -15.10329 -11.15666 -14.90997 -11.34998 curveto
-14.71666 -11.54329 -14.71666 -11.8567 -14.90997 -12.05002 curveto
-15.10329 -12.24333 -15.4167 -12.24333 -15.61002 -12.05002 curveto closepath stroke
-1 THsetalpha
 0 0 0 0 setcmykcolor
newpath -23.21002 -14.83002 moveto
-23.40334 -14.6367 -23.40334 -14.32329 -23.21002 -14.12997 curveto
-23.01671 -13.93666 -22.7033 -13.93666 -22.50998 -14.12997 curveto
-22.31667 -14.32329 -22.31667 -14.6367 -22.50998 -14.83002 curveto
-22.7033 -15.02333 -23.01671 -15.02333 -23.21002 -14.83002 curveto closepath fill
 0.6 0.6 0.6 setrgbcolor
newpath -23.21002 -14.83002 moveto
-23.40334 -14.6367 -23.40334 -14.32329 -23.21002 -14.12997 curveto
-23.01671 -13.93666 -22.7033 -13.93666 -22.50998 -14.12997 curveto
-22.31667 -14.32329 -22.31667 -14.6367 -22.50998 -14.83002 curveto
-22.7033 -15.02333 -23.01671 -15.02333 -23.21002 -14.83002 curveto closepath stroke
-1 THsetalpha
 0 0 0 0 setcmykcolor
newpath -18.85002 -32.46002 moveto
-19.04333 -32.26671 -19.04333 -31.9533 -18.85002 -31.75998 curveto
-18.65671 -31.56667 -18.34329 -31.56667 -18.14998 -31.75998 curveto
-17.95667 -31.9533 -17.95667 -32.26671 -18.14998 -32.46002 curveto
-18.34329 -32.65334 -18.65671 -32.65334 -18.85002 -32.46002 curveto closepath fill
 0.6 0.6 0.6 setrgbcolor
newpath -18.85002 -32.46002 moveto
-19.04333 -32.26671 -19.04333 -31.9533 -18.85002 -31.75998 curveto
-18.65671 -31.56667 -18.34329 -31.56667 -18.14998 -31.75998 curveto
-17.95667 -31.9533 -17.95667 -32.26671 -18.14998 -32.46002 curveto
-18.34329 -32.65334 -18.65671 -32.65334 -18.85002 -32.46002 curveto closepath stroke
-1 THsetalpha
 0 0 0 0 setcmykcolor
newpath -30.86002 -31.26003 moveto
-31.05333 -31.06671 -31.05333 -30.7533 -30.86002 -30.55998 curveto
-30.6667 -30.36667 -30.35329 -30.36667 -30.15997 -30.55998 curveto
-29.96666 -30.7533 -29.96666 -31.06671 -30.15997 -31.26003 curveto
-30.35329 -31.45334 -30.6667 -31.45334 -30.86002 -31.26003 curveto closepath fill
 0.6 0.6 0.6 setrgbcolor
newpath -30.86002 -31.26003 moveto
-31.05333 -31.06671 -31.05333 -30.7533 -30.86002 -30.55998 curveto
-30.6667 -30.36667 -30.35329 -30.36667 -30.15997 -30.55998 curveto
-29.96666 -30.7533 -29.96666 -31.06671 -30.15997 -31.26003 curveto
-30.35329 -31.45334 -30.6667 -31.45334 -30.86002 -31.26003 curveto closepath stroke
-1 THsetalpha
 0 0 0 0 setcmykcolor
newpath -33.29002 -20.74002 moveto
-33.48334 -20.5467 -33.48334 -20.23329 -33.29002 -20.03998 curveto
-33.09671 -19.84666 -32.7833 -19.84666 -32.58998 -20.03998 curveto
-32.39667 -20.23329 -32.39667 -20.5467 -32.58998 -20.74002 curveto
-32.7833 -20.93333 -33.09671 -20.93333 -33.29002 -20.74002 curveto closepath fill
 0.6 0.6 0.6 setrgbcolor
newpath -33.29002 -20.74002 moveto
-33.48334 -20.5467 -33.48334 -20.23329 -33.29002 -20.03998 curveto
-33.09671 -19.84666 -32.7833 -19.84666 -32.58998 -20.03998 curveto
-32.39667 -20.23329 -32.39667 -20.5467 -32.58998 -20.74002 curveto
-32.7833 -20.93333 -33.09671 -20.93333 -33.29002 -20.74002 curveto closepath stroke
showpage
%%EOF
