%!PS
%%BoundingBox: -62 -109 70 107 
%%HiResBoundingBox: -61.08 -108.1475 69.17001 106.81378 
%%Creator: MetaPost 2.01
%%CreationDate: 2023.02.28:1206
%%Pages: 1
%%BeginProlog
%%EndProlog
%%Page: 1 1
 0 0 0 1 setcmykcolor 0 0.7 dtransform truncate idtransform setlinewidth pop
 [] 0 setdash 1 setlinecap 1 setlinejoin 10 setmiterlimit
newpath -60.73 17.36 moveto
-60.73 17.36 -54.69 17.98 -55.19 13.86 curveto
-55.67 9.96 -59.21 -12.05 -59.15 -14.73 curveto
-59.1 -17.41 -58.7 -30.91 -58.7 -30.91 curveto
-58.7 -30.91 -61.29 -35.58 -59.9 -36.85 curveto
-58.5 -38.11 -53.89 -45.09 -53.89 -45.09 curveto
-40.52 -55.45 lineto
-28.06 -60.26 lineto
-24.03 -63.65 lineto
-30.63 -68.35 lineto stroke
newpath -26.37 -72.48 moveto
-26.37 -72.48 -17.11 -66.01 -14.65 -66.68 curveto
-12.19 -67.34 -11.35 -66.74 -9.98 -67.5 curveto
-8.96 -68.07 -7.78 -68.79 -7.7 -70.1 curveto
-7.61 -71.56 -9.86 -74.19 -10.55 -74.93 curveto stroke
newpath 59.46 24.39 moveto
50.88 35.24 lineto
51.87 48.25 lineto
51.87 48.25 50.89 56.01 54.23 55.6 curveto
57.56 55.18 59.94 52.83 59.94 52.83 curveto
65.82 40.42 lineto stroke
newpath 51.18 12.04 moveto
51.18 12.04 48.25 12.53 46.27 14.37 curveto
45.26 15.31 44.56 19.25 44.25 19.86 curveto
42.95 22.4 44.04 26.67 45.94 28.8 curveto
46.79 29.76 48.59 29.56 49.78 29.08 curveto
52.91 27.81 57.4 22.12 57.4 22.12 curveto stroke
newpath 14.38 -68.45 moveto
13.52 -67.96 8.72 -67.09 8.37 -66.9 curveto
6.73 -65.98 4.81 -65.53 2.66 -64.92 curveto
0.54 -64.32 -7.37 -60.28 -7.37 -60.28 curveto
-23.64 -49.03 lineto
-23.64 -49.03 -26.45 -47.82 -28.71 -46.32 curveto
-30.96 -44.83 -34.05 -40.07 -34.05 -40.07 curveto
-34.05 -40.07 -36.2 -36.86 -35.71 -35.24 curveto
-35.22 -33.61 -34.54 -34.25 -33.42 -30.58 curveto
-32.3 -26.9 -33.37 -26.14 -34.75 -23.49 curveto
-36.13 -20.82 -42.56 -2.47 -42.89 -0.6 curveto
-43.22 1.28 -40.67 17.46 -40.67 17.46 curveto
-40.67 17.46 -38.71 20.97 -34.43 20.6 curveto
-30.19 20.24 -23.63 20.59 -19.69 20.78 curveto
-15.75 20.98 -5.23 21.02 -3.36 21.37 curveto
-1.49 21.72 3.94 21.97 5.81 22.34 curveto
7.69 22.7 12 22.47 12 22.47 curveto
12 22.47 17.33 25.6 18.87 24.88 curveto
25.15 21.94 27.67 23.29 27.67 23.29 curveto
27.67 23.29 32.78 22.25 34.89 20.81 curveto
35.73 20.24 36.38 19.37 36.88 18.48 curveto
38.06 16.33 37.5 13.32 39.09 11.46 curveto
40.35 9.99 42.21 6.8 44.58 6.79 curveto
46.86 6.78 49.55 6.19 49.55 6.19 curveto stroke
 0 0.35 dtransform truncate idtransform setlinewidth pop
newpath -7.23 11.42004 moveto
-7.9574 12.4589 -8.30229 13.69711 -8.62997 14.92004 curveto
-8.62997 16.78668 -5.83002 16.78668 -5.83002 14.92004 curveto
-6.1577 13.69711 -6.5026 12.4589 -7.23 11.42004 curveto stroke
 0 0.7 dtransform truncate idtransform setlinewidth pop
newpath 68.82 58.61 moveto
60.19 68.04 lineto
60.19 68.04 55.55 75.58 55.13 77.41 curveto
54.71 79.25 51.86 84.57 51.86 84.57 curveto stroke
newpath 41.67 83.74 moveto
43.34 79.22 46 74.5 44.71 69.68 curveto
43.49 62.17 42.57 54.46 40.21 47.14 curveto
38.28 43.85 34.34 41.03 35.67 36.71 curveto
37.74 31.76 32.6 33.15 28.6 34.41 curveto
24.37 34.66 18.58 33.53 19.94 38.82 curveto
19.64 50.11 22.69 61.14 22.39 72.39 curveto
23.23 76.69 23.01 82.01 18.07 82.8 curveto
16.41 86.41 12.5 88.12 10.92 91.74 curveto
9.28 95.51 11.5 99.79 9.52 103.53 curveto
8.11 105.39 6.72 107.4 4.09 105.99 curveto
1.42 105.35 -4.78 104.75 -4.22 101.38 curveto
-2.23 94.4 0.25 87.59 2.62 80.74 curveto
4.17 76.28 8.12 72.2 6.57 67.23 curveto
5.99 63.1 5.56 58.94 5.13 54.78 curveto
6.45 49 8.72 43.38 9.01 37.44 curveto
8.35 34.36 3.12 33.36 0.81 35.41 curveto
-1.1 36.61 -3 37.83 -4.9 39.04 curveto
-10.01 37.39 -14.84 34.83 -20.21 34.58 curveto
-21.39 34.03 -23.84 33.46 -24.87 34.28 curveto
-27.11 36.05 -27.8 40.28 -30.25 36.9 curveto
-30.81 36.12 -32.44 35.14 -33.39 34.38 curveto
-38.13 30.56 -44.25 29.06 -50.02 29.22 curveto
-51.72 29.27 -53.54 29.08 -55.28 29.79 curveto stroke
newpath -1.25 -80.5 moveto
-1.25 -80.5 0.68 -78.39 1.84 -77.19 curveto
3 -75.99 7.79 -75.37 8.45 -76.02 curveto
9.1 -76.67 14.04 -79.03 14.04 -79.03 curveto stroke
 0.35 0 dtransform exch truncate exch idtransform pop setlinewidth
newpath 58.61996 19.92004 moveto
58.61996 25.51996 lineto stroke
newpath 60.02005 19.92004 moveto
60.02005 25.51996 lineto stroke
 0 0.35 dtransform truncate idtransform setlinewidth pop
newpath 18.46 16.05002 moveto
18.52734 15.28033 19.65262 15.28033 19.71996 16.05002 curveto
19.84227 17.44795 19.8777 18.85213 20.00002 20.25006 curveto
20.05988 20.93427 21.06018 20.93427 21.12004 20.25006 curveto
21.24236 18.85213 21.27768 17.44795 21.4 16.05002 curveto
21.45985 15.36581 22.46016 15.36581 22.52002 16.05002 curveto
22.64233 17.44795 22.67766 18.85213 22.79997 20.25006 curveto
22.85983 20.93427 23.86014 20.93427 23.92 20.25006 curveto
24.04231 18.85213 24.07774 17.44795 24.20006 16.05002 curveto
24.2674 15.28033 25.39267 15.28033 25.46 16.05002 curveto stroke
newpath 14.7959 45.90523 moveto
15.48172 46.46523 lineto
16.36636 46.50179 lineto
15.03427 47.64316 lineto
 closepath fill
 1 1 1 setrgbcolor
newpath 14.7959 45.90523 moveto
15.48172 46.46523 lineto
16.36636 46.50179 lineto
17.26123 44.14601 lineto
15.69077 43.54945 lineto
 closepath fill
 0 0 0 1 setcmykcolor 0 0.24501 dtransform truncate idtransform setlinewidth pop
newpath 16.476 43.84773 moveto
15.40715 46.66153 lineto stroke
newpath 8.1039 27.5143 moveto
7.9148 28.37926 lineto
8.28242 29.18471 lineto
6.66187 28.51315 lineto
 closepath fill
 1 1 1 setrgbcolor
newpath 8.1039 27.5143 moveto
7.9148 28.37926 lineto
8.28242 29.18471 lineto
10.78816 28.91693 lineto
10.60963 27.24652 lineto
 closepath fill
 0 0 0 1 setcmykcolor
newpath 10.6989 28.08173 moveto
7.706 28.40157 lineto stroke
newpath 23.22389 27.5143 moveto
23.03479 28.37926 lineto
23.40242 29.18471 lineto
21.78186 28.51315 lineto
 closepath fill
 1 1 1 setrgbcolor
newpath 23.22389 27.5143 moveto
23.03479 28.37926 lineto
23.40242 29.18471 lineto
25.90816 28.91693 lineto
25.72963 27.24652 lineto
 closepath fill
 0 0 0 1 setcmykcolor
newpath 25.8189 28.08173 moveto
22.82599 28.40157 lineto stroke
newpath 30.7139 27.2043 moveto
30.5248 28.06926 lineto
30.89243 28.87471 lineto
29.27187 28.20316 lineto
 closepath fill
 1 1 1 setrgbcolor
newpath 30.7139 27.2043 moveto
30.5248 28.06926 lineto
30.89243 28.87471 lineto
33.39816 28.60693 lineto
33.21964 26.93652 lineto
 closepath fill
 0 0 0 1 setcmykcolor
newpath 33.3089 27.77173 moveto
30.316 28.09157 lineto stroke
newpath -6.22084 28.60179 moveto
-6.6122 29.396 lineto
-6.44884 30.26619 lineto
-7.8606 29.22499 lineto
 closepath fill
 1 1 1 setrgbcolor
newpath -6.22084 28.60179 moveto
-6.6122 29.396 lineto
-6.44884 30.26619 lineto
-3.95213 30.60818 lineto
-3.72414 28.94379 lineto
 closepath fill
 0 0 0 1 setcmykcolor
newpath -3.83813 29.77599 moveto
-6.82025 29.36751 lineto stroke
newpath -18.41502 26.15454 moveto
-18.92453 26.87863 lineto
-18.89775 27.76361 lineto
-20.13145 26.51654 lineto
 closepath fill
 1 1 1 setrgbcolor
newpath -18.41502 26.15454 moveto
-18.92453 26.87863 lineto
-18.89775 27.76361 lineto
-16.48402 28.48775 lineto
-16.0013 26.87868 lineto
 closepath fill
 0 0 0 1 setcmykcolor
newpath -16.24266 27.68321 moveto
-19.12567 26.81828 lineto stroke
newpath -30.19516 25.87132 moveto
-30.66606 26.62108 lineto
-30.59302 27.50343 lineto
-31.89026 26.32266 lineto
 closepath fill
 1 1 1 setrgbcolor
newpath -30.19516 25.87132 moveto
-30.66606 26.62108 lineto
-30.59302 27.50343 lineto
-28.14471 28.10025 lineto
-27.74686 26.46814 lineto
 closepath fill
 0 0 0 1 setcmykcolor
newpath -27.94579 27.2842 moveto
-30.87009 26.57135 lineto stroke
newpath 14.2559 61.11523 moveto
14.94173 61.67523 lineto
15.82637 61.71179 lineto
14.49428 62.85316 lineto
 closepath fill
 1 1 1 setrgbcolor
newpath 14.2559 61.11523 moveto
14.94173 61.67523 lineto
15.82637 61.71179 lineto
16.72124 59.35602 lineto
15.15077 58.75946 lineto
 closepath fill
 0 0 0 1 setcmykcolor
newpath 15.936 59.05774 moveto
14.86716 61.87154 lineto stroke
newpath 12.44589 75.33524 moveto
13.13171 75.89523 lineto
14.01636 75.9318 lineto
12.68427 77.07317 lineto
 closepath fill
 1 1 1 setrgbcolor
newpath 12.44589 75.33524 moveto
13.13171 75.89523 lineto
14.01636 75.9318 lineto
14.91122 73.57602 lineto
13.34076 72.97946 lineto
 closepath fill
 0 0 0 1 setcmykcolor
newpath 14.12599 73.27774 moveto
13.05714 76.09154 lineto stroke
newpath 6.4959 88.00523 moveto
7.18172 88.56523 lineto
8.06636 88.60179 lineto
6.73427 89.74316 lineto
 closepath fill
 1 1 1 setrgbcolor
newpath 6.4959 88.00523 moveto
7.18172 88.56523 lineto
8.06636 88.60179 lineto
8.96123 86.24602 lineto
7.39076 85.64946 lineto
 closepath fill
 0 0 0 1 setcmykcolor
newpath 8.176 85.94774 moveto
7.10715 88.76154 lineto stroke
-1 THsetalpha
 0 0 0 0 setcmykcolor
newpath 56.89998 -107.88002 moveto
56.70667 -107.6867 56.70667 -107.37329 56.89998 -107.17998 curveto
57.09329 -106.98666 57.40671 -106.98666 57.60002 -107.17998 curveto
57.79333 -107.37329 57.79333 -107.6867 57.60002 -107.88002 curveto
57.40671 -108.07333 57.09329 -108.07333 56.89998 -107.88002 curveto closepath fill
 0.6 0.6 0.6 setrgbcolor
newpath 56.89998 -107.88002 moveto
56.70667 -107.6867 56.70667 -107.37329 56.89998 -107.17998 curveto
57.09329 -106.98666 57.40671 -106.98666 57.60002 -107.17998 curveto
57.79333 -107.37329 57.79333 -107.6867 57.60002 -107.88002 curveto
57.40671 -108.07333 57.09329 -108.07333 56.89998 -107.88002 curveto closepath stroke
-1 THsetalpha
 0 0 0 0 setcmykcolor
newpath 25.93997 -81.41002 moveto
25.74666 -81.2167 25.74666 -80.90329 25.93997 -80.70998 curveto
26.13329 -80.51666 26.4467 -80.51666 26.64001 -80.70998 curveto
26.83333 -80.90329 26.83333 -81.2167 26.64001 -81.41002 curveto
26.4467 -81.60333 26.13329 -81.60333 25.93997 -81.41002 curveto closepath fill
 0.6 0.6 0.6 setrgbcolor
newpath 25.93997 -81.41002 moveto
25.74666 -81.2167 25.74666 -80.90329 25.93997 -80.70998 curveto
26.13329 -80.51666 26.4467 -80.51666 26.64001 -80.70998 curveto
26.83333 -80.90329 26.83333 -81.2167 26.64001 -81.41002 curveto
26.4467 -81.60333 26.13329 -81.60333 25.93997 -81.41002 curveto closepath stroke
-1 THsetalpha
 0 0 0 0 setcmykcolor
newpath 2.61998 -71.74002 moveto
2.42667 -71.5467 2.42667 -71.23329 2.61998 -71.03998 curveto
2.8133 -70.84666 3.12671 -70.84666 3.32002 -71.03998 curveto
3.51334 -71.23329 3.51334 -71.5467 3.32002 -71.74002 curveto
3.12671 -71.93333 2.8133 -71.93333 2.61998 -71.74002 curveto closepath fill
 0.6 0.6 0.6 setrgbcolor
newpath 2.61998 -71.74002 moveto
2.42667 -71.5467 2.42667 -71.23329 2.61998 -71.03998 curveto
2.8133 -70.84666 3.12671 -70.84666 3.32002 -71.03998 curveto
3.51334 -71.23329 3.51334 -71.5467 3.32002 -71.74002 curveto
3.12671 -71.93333 2.8133 -71.93333 2.61998 -71.74002 curveto closepath stroke
-1 THsetalpha
 0 0 0 0 setcmykcolor
newpath -32.45003 -54.44002 moveto
-32.64334 -54.2467 -32.64334 -53.93329 -32.45003 -53.73997 curveto
-32.25671 -53.54666 -31.9433 -53.54666 -31.74998 -53.73997 curveto
-31.55667 -53.93329 -31.55667 -54.2467 -31.74998 -54.44002 curveto
-31.9433 -54.63333 -32.25671 -54.63333 -32.45003 -54.44002 curveto closepath fill
 0.6 0.6 0.6 setrgbcolor
newpath -32.45003 -54.44002 moveto
-32.64334 -54.2467 -32.64334 -53.93329 -32.45003 -53.73997 curveto
-32.25671 -53.54666 -31.9433 -53.54666 -31.74998 -53.73997 curveto
-31.55667 -53.93329 -31.55667 -54.2467 -31.74998 -54.44002 curveto
-31.9433 -54.63333 -32.25671 -54.63333 -32.45003 -54.44002 curveto closepath stroke
-1 THsetalpha
 0 0 0 0 setcmykcolor
newpath -46.16002 -43.45003 moveto
-46.35333 -43.25671 -46.35333 -42.9433 -46.16002 -42.74998 curveto
-45.9667 -42.55667 -45.65329 -42.55667 -45.45998 -42.74998 curveto
-45.26666 -42.9433 -45.26666 -43.25671 -45.45998 -43.45003 curveto
-45.65329 -43.64334 -45.9667 -43.64334 -46.16002 -43.45003 curveto closepath fill
 0.6 0.6 0.6 setrgbcolor
newpath -46.16002 -43.45003 moveto
-46.35333 -43.25671 -46.35333 -42.9433 -46.16002 -42.74998 curveto
-45.9667 -42.55667 -45.65329 -42.55667 -45.45998 -42.74998 curveto
-45.26666 -42.9433 -45.26666 -43.25671 -45.45998 -43.45003 curveto
-45.65329 -43.64334 -45.9667 -43.64334 -46.16002 -43.45003 curveto closepath stroke
-1 THsetalpha
 0 0 0 0 setcmykcolor
newpath -47.56003 -43.35002 moveto
-47.75334 -43.15671 -47.75334 -42.84329 -47.56003 -42.64998 curveto
-47.36671 -42.45667 -47.0533 -42.45667 -46.85999 -42.64998 curveto
-46.66667 -42.84329 -46.66667 -43.15671 -46.85999 -43.35002 curveto
-47.0533 -43.54333 -47.36671 -43.54333 -47.56003 -43.35002 curveto closepath fill
 0.6 0.6 0.6 setrgbcolor
newpath -47.56003 -43.35002 moveto
-47.75334 -43.15671 -47.75334 -42.84329 -47.56003 -42.64998 curveto
-47.36671 -42.45667 -47.0533 -42.45667 -46.85999 -42.64998 curveto
-46.66667 -42.84329 -46.66667 -43.15671 -46.85999 -43.35002 curveto
-47.0533 -43.54333 -47.36671 -43.54333 -47.56003 -43.35002 curveto closepath stroke
-1 THsetalpha
 0 0 0 0 setcmykcolor
newpath -51.88002 21.01997 moveto
-52.07333 21.21329 -52.07333 21.5267 -51.88002 21.72002 curveto
-51.6867 21.91333 -51.37329 21.91333 -51.17998 21.72002 curveto
-50.98666 21.5267 -50.98666 21.21329 -51.17998 21.01997 curveto
-51.37329 20.82666 -51.6867 20.82666 -51.88002 21.01997 curveto closepath fill
 0.6 0.6 0.6 setrgbcolor
newpath -51.88002 21.01997 moveto
-52.07333 21.21329 -52.07333 21.5267 -51.88002 21.72002 curveto
-51.6867 21.91333 -51.37329 21.91333 -51.17998 21.72002 curveto
-50.98666 21.5267 -50.98666 21.21329 -51.17998 21.01997 curveto
-51.37329 20.82666 -51.6867 20.82666 -51.88002 21.01997 curveto closepath stroke
-1 THsetalpha
 0 0 0 0 setcmykcolor
newpath -5.32002 27.40997 moveto
-5.51334 27.60329 -5.51334 27.9167 -5.32002 28.11002 curveto
-5.12671 28.30333 -4.8133 28.30333 -4.61998 28.11002 curveto
-4.42667 27.9167 -4.42667 27.60329 -4.61998 27.40997 curveto
-4.8133 27.21666 -5.12671 27.21666 -5.32002 27.40997 curveto closepath fill
 0.6 0.6 0.6 setrgbcolor
newpath -5.32002 27.40997 moveto
-5.51334 27.60329 -5.51334 27.9167 -5.32002 28.11002 curveto
-5.12671 28.30333 -4.8133 28.30333 -4.61998 28.11002 curveto
-4.42667 27.9167 -4.42667 27.60329 -4.61998 27.40997 curveto
-4.8133 27.21666 -5.12671 27.21666 -5.32002 27.40997 curveto closepath stroke
-1 THsetalpha
 0 0 0 0 setcmykcolor
newpath -0.76003 100.20998 moveto
-0.95334 100.40329 -0.95334 100.7167 -0.76003 100.91002 curveto
-0.56671 101.10333 -0.2533 101.10333 -0.05998 100.91002 curveto
0.13333 100.7167 0.13333 100.40329 -0.05998 100.20998 curveto
-0.2533 100.01666 -0.56671 100.01666 -0.76003 100.20998 curveto closepath fill
 0.6 0.6 0.6 setrgbcolor
newpath -0.76003 100.20998 moveto
-0.95334 100.40329 -0.95334 100.7167 -0.76003 100.91002 curveto
-0.56671 101.10333 -0.2533 101.10333 -0.05998 100.91002 curveto
0.13333 100.7167 0.13333 100.40329 -0.05998 100.20998 curveto
-0.2533 100.01666 -0.56671 100.01666 -0.76003 100.20998 curveto closepath stroke
-1 THsetalpha
 0 0 0 0 setcmykcolor
newpath 5.10999 83.57997 moveto
4.91667 83.77328 4.91667 84.0867 5.10999 84.28001 curveto
5.3033 84.47333 5.61671 84.47333 5.81003 84.28001 curveto
6.00334 84.0867 6.00334 83.77328 5.81003 83.57997 curveto
5.61671 83.38666 5.3033 83.38666 5.10999 83.57997 curveto closepath fill
 0.6 0.6 0.6 setrgbcolor
newpath 5.10999 83.57997 moveto
4.91667 83.77328 4.91667 84.0867 5.10999 84.28001 curveto
5.3033 84.47333 5.61671 84.47333 5.81003 84.28001 curveto
6.00334 84.0867 6.00334 83.77328 5.81003 83.57997 curveto
5.61671 83.38666 5.3033 83.38666 5.10999 83.57997 curveto closepath stroke
-1 THsetalpha
 0 0 0 0 setcmykcolor
newpath 10.08998 64.29997 moveto
9.89667 64.49329 9.89667 64.8067 10.08998 65.00002 curveto
10.2833 65.19333 10.59671 65.19333 10.79002 65.00002 curveto
10.98334 64.8067 10.98334 64.49329 10.79002 64.29997 curveto
10.59671 64.10666 10.2833 64.10666 10.08998 64.29997 curveto closepath fill
 0.6 0.6 0.6 setrgbcolor
newpath 10.08998 64.29997 moveto
9.89667 64.49329 9.89667 64.8067 10.08998 65.00002 curveto
10.2833 65.19333 10.59671 65.19333 10.79002 65.00002 curveto
10.98334 64.8067 10.98334 64.49329 10.79002 64.29997 curveto
10.59671 64.10666 10.2833 64.10666 10.08998 64.29997 curveto closepath stroke
-1 THsetalpha
 0 0 0 0 setcmykcolor
newpath 11.00998 28.59998 moveto
10.81667 28.79329 10.81667 29.1067 11.00998 29.30002 curveto
11.2033 29.49333 11.51671 29.49333 11.71002 29.30002 curveto
11.90334 29.1067 11.90334 28.79329 11.71002 28.59998 curveto
11.51671 28.40666 11.2033 28.40666 11.00998 28.59998 curveto closepath fill
 0.6 0.6 0.6 setrgbcolor
newpath 11.00998 28.59998 moveto
10.81667 28.79329 10.81667 29.1067 11.00998 29.30002 curveto
11.2033 29.49333 11.51671 29.49333 11.71002 29.30002 curveto
11.90334 29.1067 11.90334 28.79329 11.71002 28.59998 curveto
11.51671 28.40666 11.2033 28.40666 11.00998 28.59998 curveto closepath stroke
-1 THsetalpha
 0 0 0 0 setcmykcolor
newpath 33.76997 22.99998 moveto
33.57666 23.1933 33.57666 23.50671 33.76997 23.70003 curveto
33.96329 23.89334 34.2767 23.89334 34.47002 23.70003 curveto
34.66333 23.50671 34.66333 23.1933 34.47002 22.99998 curveto
34.2767 22.80667 33.96329 22.80667 33.76997 22.99998 curveto closepath fill
 0.6 0.6 0.6 setrgbcolor
newpath 33.76997 22.99998 moveto
33.57666 23.1933 33.57666 23.50671 33.76997 23.70003 curveto
33.96329 23.89334 34.2767 23.89334 34.47002 23.70003 curveto
34.66333 23.50671 34.66333 23.1933 34.47002 22.99998 curveto
34.2767 22.80667 33.96329 22.80667 33.76997 22.99998 curveto closepath stroke
-1 THsetalpha
 0 0 0 0 setcmykcolor
newpath 40.80998 44.81998 moveto
40.61667 45.01329 40.61667 45.3267 40.80998 45.52002 curveto
41.0033 45.71333 41.31671 45.71333 41.51003 45.52002 curveto
41.70334 45.3267 41.70334 45.01329 41.51003 44.81998 curveto
41.31671 44.62666 41.0033 44.62666 40.80998 44.81998 curveto closepath fill
 0.6 0.6 0.6 setrgbcolor
newpath 40.80998 44.81998 moveto
40.61667 45.01329 40.61667 45.3267 40.80998 45.52002 curveto
41.0033 45.71333 41.31671 45.71333 41.51003 45.52002 curveto
41.70334 45.3267 41.70334 45.01329 41.51003 44.81998 curveto
41.31671 44.62666 41.0033 44.62666 40.80998 44.81998 curveto closepath stroke
showpage
%%EOF
