%!PS
%%BoundingBox: -238 -177 117 175 
%%HiResBoundingBox: -237.92499 -176.19374 116.85 174.94453 
%%Creator: MetaPost 2.01
%%CreationDate: 2023.02.28:1206
%%Pages: 1
%%BeginProlog
%%EndProlog
%%Page: 1 1
 0 0 0 1 setcmykcolor 0 0.7 dtransform truncate idtransform setlinewidth pop
 [] 0 setdash 1 setlinecap 1 setlinejoin 10 setmiterlimit
newpath 59.62 170.14 moveto
59.62 170.14 59.84 168.21 58.94 166.36 curveto
58.05 164.52 57.41 165.19 55.54 164.04 curveto
53.69 162.9 51.65 161.31 49.65 161.05 curveto
47.64 160.79 45.8 159.71 45.41 158.23 curveto
45.03 156.75 31.08 123.39 31.08 123.39 curveto
31.08 123.39 24.88 105.1 24.01 103.39 curveto
23.14 101.67 13.9 89.74 11.93 88.32 curveto
9.97 86.91 0.49 73.84 0.49 73.84 curveto
0.49 73.84 0.47 69.54 0.69 67.52 curveto
0.91 65.5 -4.63 54.1 -4.63 54.1 curveto
-9.37 51.11 lineto
-9.37 51.11 -12.19 47.96 -12.96 46.61 curveto
-13.72 45.25 -16.78 37.1 -16.78 37.1 curveto
-20.23 22.87 lineto stroke
newpath 112.76 173.45 moveto
112.76 173.45 84.97 174.86 83.25 174.55 curveto
82.17 174.36 72.78 170.86 70.96 171.03 curveto
69.88 171.13 69.11 173.32 69.11 173.32 curveto stroke
newpath -75.22 -15.69 moveto
-75.8 -17 -77.63 -17.41 -78.09 -16.53 curveto
-78.88 -15.03 -78.89 -12.65 -79.76 -12.9 curveto
-81.11 -13.28 -82.25 -11.51 -82.86 -12.91 curveto
-83.47 -14.3 -85.31 -15.19 -85.31 -15.19 curveto
-93.15 -16.91 lineto
-95.61 -11.12 lineto
-98.95 -10.05 lineto stroke
newpath -19.68 22.96 moveto
-27.34 9.97 lineto
-27.34 9.97 -35.63 3.59 -37.23 2.08 curveto
-38.84 0.57 -39.57 0.79 -39.81 -1.5 curveto
-40.04 -3.79 -41.16 -7.77 -41.16 -7.77 curveto
-41.16 -7.77 -48.1 -9.59 -48.62 -12.9 curveto
-49.14 -16.21 -48.08 -19.75 -50.2 -20.23 curveto
-52.31 -20.7 -54.53 -21.77 -57.11 -19.21 curveto stroke
newpath -140.17 -51.31 moveto
-144.54 -52.84 -148.77 -52.44 -150.37 -53.95 curveto
-151.97 -55.47 -157.97 -69.87 -160.57 -70.71 curveto
-163.16 -71.55 -164.18 -75.19 -167.99 -73.35 curveto
-171.8 -71.5 -172.65 -68.91 -176.23 -69.09 curveto
-179.82 -69.27 -178.52 -68.84 -182.35 -71.31 curveto
-186.18 -73.77 -188.85 -70.67 -188.51 -75.08 curveto
-188.16 -79.49 -185.05 -79.57 -187.58 -81.61 curveto
-190.11 -83.65 -208.16 -93.53 -208.16 -93.53 curveto
-208.16 -93.53 -210.32 -95.67 -213.17 -96.05 curveto
-216.02 -96.43 -229.31 -96.26 -229.31 -96.26 curveto stroke
newpath -106.9 -13.85 moveto
-106.9 -13.85 -108.7 -25.14 -111.39 -27.93 curveto
-114.09 -30.71 -132.44 -46 -134.03 -47.52 curveto
-135.62 -49.04 -135.82 -49.77 -140.17 -51.31 curveto stroke
newpath -177.63 -152.97 moveto
-171.54 -140.94 lineto
-163.05 -131.55 lineto
-156.55 -125.12 lineto
-150.86 -114.56 lineto
-150.86 -114.56 -152.3 -116.9 -151.75 -120.58 curveto
-151.21 -124.25 -150.3 -128.03 -151.42 -132.03 curveto
-152.53 -136.04 -153.56 -136.92 -153.71 -138.84 curveto
-153.85 -140.76 -150.67 -142.04 -152.78 -145.37 curveto
-154.88 -148.71 -162.75 -158.67 -162.75 -158.67 curveto
-165.8 -162.49 lineto stroke
newpath -224.62 -106.19 moveto
-224.62 -106.19 -187.79 -96.45 -186.35 -94.11 curveto
-184.91 -91.76 -178.1 -84.25 -175.41 -83.04 curveto
-172.72 -81.83 -159.03 -75.06 -159.03 -75.06 curveto
-159.03 -75.06 -149.93 -65.05 -148.35 -67.85 curveto
-146.77 -70.64 -148.78 -76.34 -150.53 -79.78 curveto
-152.28 -83.21 -160.69 -94.98 -160.71 -99.28 curveto
-160.74 -103.58 -158.21 -108.59 -158.21 -108.59 curveto
-158.21 -108.59 -156.6 -109.83 -158.28 -114.45 curveto
-159.96 -119.08 -164.9 -125.55 -165.67 -126.9 curveto
-166.44 -128.25 -167.66 -132.62 -167.66 -132.62 curveto
-167.66 -132.62 -168.77 -136.62 -171.46 -137.83 curveto
-174.15 -139.04 -175.37 -143.41 -175.37 -143.41 curveto
-181.66 -149.99 lineto stroke
newpath -161.92 -163.34 moveto
-161.92 -163.34 -153.38 -154.8 -152.15 -153.19 curveto
-150.91 -151.57 -144.27 -152.83 -144.97 -148.32 curveto
-145.68 -143.82 -145.66 -139.51 -145.47 -136.03 curveto
-145.29 -132.56 -143.94 -116.47 -143.94 -116.47 curveto
-145.86 -109.28 lineto
-145.86 -109.28 -147.57 -101.36 -147.68 -98.98 curveto
-147.8 -96.6 -138.56 -69.4 -138.1 -66.39 curveto
-137.64 -63.39 -111.13 -41.34 -111.13 -41.34 curveto
-97.22 -37.34 lineto
-88.38 -31.92 lineto
-80.73 -33.68 lineto
-80.73 -33.68 -72.03 -37.62 -68.23 -36.69 curveto
-64.42 -35.75 -60.51 -28.88 -57.23 -30.27 curveto
-54.02 -31.64 -47.33 -31.52 -47.33 -31.52 curveto
-39.98 -32.03 lineto
-26.35 -18.21 lineto
-26.35 -18.21 -25.69 -11.76 -25.91 -9.75 curveto
-26.13 -7.73 -11.32 14.43 -11.32 14.43 curveto
-11.32 14.43 -6.84 17.89 -7.29 21.94 curveto
-7.73 25.97 -8.98 34.15 -7.55 36.49 curveto
-6.11 38.83 4.98 43.59 4.98 43.59 curveto
9.91 50.06 lineto
9.91 50.06 6.63 53.72 7.75 57.72 curveto
8.87 61.72 21.8 80.09 22.77 82.17 curveto
23.74 84.26 32.5 95.94 36.12 94.94 curveto
39.75 93.93 43.41 108.6 44.22 111.51 curveto
45.02 114.43 44.03 115.09 45.56 120.55 curveto
47.08 126 55.24 145.7 56.46 147.33 curveto
57.68 148.96 71.22 154.61 74.56 156.78 curveto
77.92 158.97 79.9 163.08 85.13 162.83 curveto
90.17 162.58 98.99 164.87 102.65 163.85 curveto
106.32 162.82 116.5 161.37 116.5 161.37 curveto stroke
-1 THsetalpha
 0 0 0 0 setcmykcolor
newpath -237.74998 -105.17998 moveto
-234.95003 -105.17998 lineto
-234.95003 -102.38002 lineto
-237.74998 -102.38002 lineto
 closepath fill
 0 0 0 1 setcmykcolor 0 0.35 dtransform truncate idtransform setlinewidth pop
newpath -237.74998 -105.17998 moveto
-234.95003 -105.17998 lineto
-234.95003 -102.38002 lineto
-237.74998 -102.38002 lineto
 closepath stroke
newpath -237.08504 -102.71252 moveto
-236.35 -104.84747 lineto
-235.61497 -102.71252 lineto stroke
 1 0.85715 0 0.3 setcmykcolor
newpath -170.58888 -176.01874 moveto
-170.40025 -175.79868 -170.70683 -175.40454 -170.45221 -175.21394 curveto
-170.12184 -174.9666 -169.72563 -175.80031 -169.39304 -175.43025 curveto
-169.0321 -175.02866 -169.96497 -174.76149 -169.79549 -174.39389 curveto
-169.60527 -173.98138 -169.10178 -174.45802 -168.78185 -174.34074 curveto
-168.39227 -174.19792 -168.55356 -173.64413 -168.31111 -173.36127 curveto stroke
newpath -168.66504 -174.55527 moveto
-168.55038 -174.54005 -168.44403 -174.51338 -168.37117 -174.44632 curveto
-168.06592 -174.16528 -168.42686 -173.7154 -168.31111 -173.36127 curveto
-168.64336 -173.52982 -168.70628 -174.10316 -169.12085 -174.08603 curveto
-169.21977 -174.08194 -169.31383 -174.0256 -169.40567 -173.95526 curveto
 closepath stroke
newpath -168.66504 -174.55527 moveto
-168.55038 -174.54005 -168.44403 -174.51338 -168.37117 -174.44632 curveto
-168.06592 -174.16528 -168.42686 -173.7154 -168.31111 -173.36127 curveto
-168.64336 -173.52982 -168.70628 -174.10316 -169.12085 -174.08603 curveto
-169.21977 -174.08194 -169.31383 -174.0256 -169.40567 -173.95526 curveto
 closepath fill
newpath -189.73549 -149.21187 moveto
-189.4497 -149.16353 -189.43298 -148.6645 -189.11534 -148.68103 curveto
-188.7032 -148.70245 -188.93245 -149.5966 -188.44006 -149.52518 curveto
-187.9057 -149.44768 -188.4514 -148.64528 -188.08588 -148.47136 curveto
-187.67572 -148.27618 -187.59396 -148.96468 -187.27312 -149.07933 curveto
-186.88239 -149.21898 -186.65184 -148.69026 -186.2845 -148.62813 curveto stroke
newpath -187.32068 -149.31892 moveto
-187.22284 -149.38063 -187.12407 -149.42822 -187.02518 -149.42332 curveto
-186.61076 -149.4028 -186.6001 -148.82611 -186.2845 -148.62813 curveto
-186.64764 -148.54495 -187.06299 -148.94519 -187.37053 -148.66666 curveto
-187.44391 -148.60019 -187.4801 -148.49672 -187.50565 -148.38388 curveto
 closepath stroke
newpath -187.32068 -149.31892 moveto
-187.22284 -149.38063 -187.12407 -149.42822 -187.02518 -149.42332 curveto
-186.61076 -149.4028 -186.6001 -148.82611 -186.2845 -148.62813 curveto
-186.64764 -148.54495 -187.06299 -148.94519 -187.37053 -148.66666 curveto
-187.44391 -148.60019 -187.4801 -148.49672 -187.50565 -148.38388 curveto
 closepath fill
newpath -102.54129 -9.77162 moveto
-102.69014 -9.52292 -103.16115 -9.6886 -103.26114 -9.38666 curveto
-103.39087 -8.99489 -102.47453 -8.88368 -102.71992 -8.45087 curveto
-102.98625 -7.98116 -103.53561 -8.78105 -103.83043 -8.50368 curveto
-104.16127 -8.19241 -103.5495 -7.86617 -103.55922 -7.52557 curveto
-103.57104 -7.11081 -104.1474 -7.08806 -104.33871 -6.76839 curveto stroke
newpath -103.31873 -7.48286 moveto
-103.29677 -7.3693 -103.2883 -7.25998 -103.32878 -7.16962 curveto
-103.49844 -6.79097 -104.03963 -6.99051 -104.33871 -6.76839 curveto
-104.28429 -7.13693 -103.76054 -7.37852 -103.90833 -7.76625 curveto
-103.9436 -7.85875 -104.02686 -7.93005 -104.12271 -7.99484 curveto
 closepath stroke
newpath -103.31873 -7.48286 moveto
-103.29677 -7.3693 -103.2883 -7.25998 -103.32878 -7.16962 curveto
-103.49844 -6.79097 -104.03963 -6.99051 -104.33871 -6.76839 curveto
-104.28429 -7.13693 -103.76054 -7.37852 -103.90833 -7.76625 curveto
-103.9436 -7.85875 -104.02686 -7.93005 -104.12271 -7.99484 curveto
 closepath fill
 0 0 0 1 setcmykcolor 0.35
 0 dtransform exch truncate exch idtransform pop setlinewidth
newpath -161.26003 -170.11998 moveto
-161.26003 -167.32002 lineto stroke
newpath -160.55998 -170.11998 moveto
-160.55998 -167.32002 lineto stroke
newpath -181.29002 -160.38998 moveto
-181.29002 -157.59003 lineto stroke
newpath -180.58998 -160.38998 moveto
-180.58998 -157.59003 lineto stroke
-1 THsetalpha
 0 0 0 0 setcmykcolor
newpath 86.50998 166.35999 moveto
86.31667 166.5533 86.31667 166.86671 86.50998 167.06003 curveto
86.7033 167.25334 87.01671 167.25334 87.21002 167.06003 curveto
87.40334 166.86671 87.40334 166.5533 87.21002 166.35999 curveto
87.01671 166.16667 86.7033 166.16667 86.50998 166.35999 curveto closepath fill
 0.6 0.6 0.6 setrgbcolor 0 0.24501 dtransform truncate idtransform setlinewidth pop
newpath 86.50998 166.35999 moveto
86.31667 166.5533 86.31667 166.86671 86.50998 167.06003 curveto
86.7033 167.25334 87.01671 167.25334 87.21002 167.06003 curveto
87.40334 166.86671 87.40334 166.5533 87.21002 166.35999 curveto
87.01671 166.16667 86.7033 166.16667 86.50998 166.35999 curveto closepath stroke
-1 THsetalpha
 0 0 0 0 setcmykcolor
newpath -133.18002 -57.46002 moveto
-133.37334 -57.26671 -133.37334 -56.9533 -133.18002 -56.75998 curveto
-132.98671 -56.56667 -132.6733 -56.56667 -132.47998 -56.75998 curveto
-132.28667 -56.9533 -132.28667 -57.26671 -132.47998 -57.46002 curveto
-132.6733 -57.65334 -132.98671 -57.65334 -133.18002 -57.46002 curveto closepath fill
 0.6 0.6 0.6 setrgbcolor
newpath -133.18002 -57.46002 moveto
-133.37334 -57.26671 -133.37334 -56.9533 -133.18002 -56.75998 curveto
-132.98671 -56.56667 -132.6733 -56.56667 -132.47998 -56.75998 curveto
-132.28667 -56.9533 -132.28667 -57.26671 -132.47998 -57.46002 curveto
-132.6733 -57.65334 -132.98671 -57.65334 -133.18002 -57.46002 curveto closepath stroke
-1 THsetalpha
 0 0 0 0 setcmykcolor
newpath -108.49002 -37.12003 moveto
-108.68333 -36.92671 -108.68333 -36.6133 -108.49002 -36.41998 curveto
-108.2967 -36.22667 -107.98329 -36.22667 -107.78998 -36.41998 curveto
-107.59666 -36.6133 -107.59666 -36.92671 -107.78998 -37.12003 curveto
-107.98329 -37.31334 -108.2967 -37.31334 -108.49002 -37.12003 curveto closepath fill
 0.6 0.6 0.6 setrgbcolor
newpath -108.49002 -37.12003 moveto
-108.68333 -36.92671 -108.68333 -36.6133 -108.49002 -36.41998 curveto
-108.2967 -36.22667 -107.98329 -36.22667 -107.78998 -36.41998 curveto
-107.59666 -36.6133 -107.59666 -36.92671 -107.78998 -37.12003 curveto
-107.98329 -37.31334 -108.2967 -37.31334 -108.49002 -37.12003 curveto closepath stroke
-1 THsetalpha
 0 0 0 0 setcmykcolor
newpath -87.08002 -20.11002 moveto
-87.27333 -19.9167 -87.27333 -19.60329 -87.08002 -19.40997 curveto
-86.8867 -19.21666 -86.57329 -19.21666 -86.37997 -19.40997 curveto
-86.18666 -19.60329 -86.18666 -19.9167 -86.37997 -20.11002 curveto
-86.57329 -20.30333 -86.8867 -20.30333 -87.08002 -20.11002 curveto closepath fill
 0.6 0.6 0.6 setrgbcolor
newpath -87.08002 -20.11002 moveto
-87.27333 -19.9167 -87.27333 -19.60329 -87.08002 -19.40997 curveto
-86.8867 -19.21666 -86.57329 -19.21666 -86.37997 -19.40997 curveto
-86.18666 -19.60329 -86.18666 -19.9167 -86.37997 -20.11002 curveto
-86.57329 -20.30333 -86.8867 -20.30333 -87.08002 -20.11002 curveto closepath stroke
-1 THsetalpha
 0 0 0 0 setcmykcolor
newpath -73.58002 -25.71002 moveto
-73.77333 -25.51671 -73.77333 -25.2033 -73.58002 -25.00998 curveto
-73.3867 -24.81667 -73.07329 -24.81667 -72.87997 -25.00998 curveto
-72.68666 -25.2033 -72.68666 -25.51671 -72.87997 -25.71002 curveto
-73.07329 -25.90334 -73.3867 -25.90334 -73.58002 -25.71002 curveto closepath fill
 0.6 0.6 0.6 setrgbcolor
newpath -73.58002 -25.71002 moveto
-73.77333 -25.51671 -73.77333 -25.2033 -73.58002 -25.00998 curveto
-73.3867 -24.81667 -73.07329 -24.81667 -72.87997 -25.00998 curveto
-72.68666 -25.2033 -72.68666 -25.51671 -72.87997 -25.71002 curveto
-73.07329 -25.90334 -73.3867 -25.90334 -73.58002 -25.71002 curveto closepath stroke
-1 THsetalpha
 0 0 0 0 setcmykcolor
newpath -52.91002 -27.71002 moveto
-53.10333 -27.51671 -53.10333 -27.2033 -52.91002 -27.00998 curveto
-52.7167 -26.81667 -52.40329 -26.81667 -52.20998 -27.00998 curveto
-52.01666 -27.2033 -52.01666 -27.51671 -52.20998 -27.71002 curveto
-52.40329 -27.90334 -52.7167 -27.90334 -52.91002 -27.71002 curveto closepath fill
 0.6 0.6 0.6 setrgbcolor
newpath -52.91002 -27.71002 moveto
-53.10333 -27.51671 -53.10333 -27.2033 -52.91002 -27.00998 curveto
-52.7167 -26.81667 -52.40329 -26.81667 -52.20998 -27.00998 curveto
-52.01666 -27.2033 -52.01666 -27.51671 -52.20998 -27.71002 curveto
-52.40329 -27.90334 -52.7167 -27.90334 -52.91002 -27.71002 curveto closepath stroke
-1 THsetalpha
 0 0 0 0 setcmykcolor
newpath -35.78001 -27.57002 moveto
-35.97333 -27.37671 -35.97333 -27.0633 -35.78001 -26.86998 curveto
-35.5867 -26.67667 -35.27328 -26.67667 -35.07997 -26.86998 curveto
-34.88666 -27.0633 -34.88666 -27.37671 -35.07997 -27.57002 curveto
-35.27328 -27.76334 -35.5867 -27.76334 -35.78001 -27.57002 curveto closepath fill
 0.6 0.6 0.6 setrgbcolor
newpath -35.78001 -27.57002 moveto
-35.97333 -27.37671 -35.97333 -27.0633 -35.78001 -26.86998 curveto
-35.5867 -26.67667 -35.27328 -26.67667 -35.07997 -26.86998 curveto
-34.88666 -27.0633 -34.88666 -27.37671 -35.07997 -27.57002 curveto
-35.27328 -27.76334 -35.5867 -27.76334 -35.78001 -27.57002 curveto closepath stroke
-1 THsetalpha
 0 0 0 0 setcmykcolor
newpath -31.82002 -9.72002 moveto
-32.01334 -9.5267 -32.01334 -9.21329 -31.82002 -9.01997 curveto
-31.62671 -8.82666 -31.3133 -8.82666 -31.11998 -9.01997 curveto
-30.92667 -9.21329 -30.92667 -9.5267 -31.11998 -9.72002 curveto
-31.3133 -9.91333 -31.62671 -9.91333 -31.82002 -9.72002 curveto closepath fill
 0.6 0.6 0.6 setrgbcolor
newpath -31.82002 -9.72002 moveto
-32.01334 -9.5267 -32.01334 -9.21329 -31.82002 -9.01997 curveto
-31.62671 -8.82666 -31.3133 -8.82666 -31.11998 -9.01997 curveto
-30.92667 -9.21329 -30.92667 -9.5267 -31.11998 -9.72002 curveto
-31.3133 -9.91333 -31.62671 -9.91333 -31.82002 -9.72002 curveto closepath stroke
-1 THsetalpha
 0 0 0 0 setcmykcolor
newpath -16.55002 16.15997 moveto
-16.74333 16.35329 -16.74333 16.6667 -16.55002 16.86002 curveto
-16.3567 17.05333 -16.04329 17.05333 -15.84998 16.86002 curveto
-15.65666 16.6667 -15.65666 16.35329 -15.84998 16.15997 curveto
-16.04329 15.96666 -16.3567 15.96666 -16.55002 16.15997 curveto closepath fill
 0.6 0.6 0.6 setrgbcolor
newpath -16.55002 16.15997 moveto
-16.74333 16.35329 -16.74333 16.6667 -16.55002 16.86002 curveto
-16.3567 17.05333 -16.04329 17.05333 -15.84998 16.86002 curveto
-15.65666 16.6667 -15.65666 16.35329 -15.84998 16.15997 curveto
-16.04329 15.96666 -16.3567 15.96666 -16.55002 16.15997 curveto closepath stroke
-1 THsetalpha
 0 0 0 0 setcmykcolor
newpath -15.97002 29.25998 moveto
-16.16333 29.4533 -16.16333 29.76671 -15.97002 29.96002 curveto
-15.7767 30.15334 -15.46329 30.15334 -15.26997 29.96002 curveto
-15.07666 29.76671 -15.07666 29.4533 -15.26997 29.25998 curveto
-15.46329 29.06667 -15.7767 29.06667 -15.97002 29.25998 curveto closepath fill
 0.6 0.6 0.6 setrgbcolor
newpath -15.97002 29.25998 moveto
-16.16333 29.4533 -16.16333 29.76671 -15.97002 29.96002 curveto
-15.7767 30.15334 -15.46329 30.15334 -15.26997 29.96002 curveto
-15.07666 29.76671 -15.07666 29.4533 -15.26997 29.25998 curveto
-15.46329 29.06667 -15.7767 29.06667 -15.97002 29.25998 curveto closepath stroke
-1 THsetalpha
 0 0 0 0 setcmykcolor
newpath -11.11002 41.59998 moveto
-11.30333 41.79329 -11.30333 42.1067 -11.11002 42.30002 curveto
-10.9167 42.49333 -10.60329 42.49333 -10.40997 42.30002 curveto
-10.21666 42.1067 -10.21666 41.79329 -10.40997 41.59998 curveto
-10.60329 41.40666 -10.9167 41.40666 -11.11002 41.59998 curveto closepath fill
 0.6 0.6 0.6 setrgbcolor
newpath -11.11002 41.59998 moveto
-11.30333 41.79329 -11.30333 42.1067 -11.11002 42.30002 curveto
-10.9167 42.49333 -10.60329 42.49333 -10.40997 42.30002 curveto
-10.21666 42.1067 -10.21666 41.79329 -10.40997 41.59998 curveto
-10.60329 41.40666 -10.9167 41.40666 -11.11002 41.59998 curveto closepath stroke
-1 THsetalpha
 0 0 0 0 setcmykcolor
newpath 7.02998 71.15997 moveto
6.83667 71.35329 6.83667 71.6667 7.02998 71.86002 curveto
7.2233 72.05333 7.53671 72.05333 7.73003 71.86002 curveto
7.92334 71.6667 7.92334 71.35329 7.73003 71.15997 curveto
7.53671 70.96666 7.2233 70.96666 7.02998 71.15997 curveto closepath fill
 0.6 0.6 0.6 setrgbcolor
newpath 7.02998 71.15997 moveto
6.83667 71.35329 6.83667 71.6667 7.02998 71.86002 curveto
7.2233 72.05333 7.53671 72.05333 7.73003 71.86002 curveto
7.92334 71.6667 7.92334 71.35329 7.73003 71.15997 curveto
7.53671 70.96666 7.2233 70.96666 7.02998 71.15997 curveto closepath stroke
-1 THsetalpha
 0 0 0 0 setcmykcolor
newpath 25.22998 102.01997 moveto
25.03667 102.21329 25.03667 102.5267 25.22998 102.72002 curveto
25.4233 102.91333 25.73671 102.91333 25.93002 102.72002 curveto
26.12334 102.5267 26.12334 102.21329 25.93002 102.01997 curveto
25.73671 101.82666 25.4233 101.82666 25.22998 102.01997 curveto closepath fill
 0.6 0.6 0.6 setrgbcolor
newpath 25.22998 102.01997 moveto
25.03667 102.21329 25.03667 102.5267 25.22998 102.72002 curveto
25.4233 102.91333 25.73671 102.91333 25.93002 102.72002 curveto
26.12334 102.5267 26.12334 102.21329 25.93002 102.01997 curveto
25.73671 101.82666 25.4233 101.82666 25.22998 102.01997 curveto closepath stroke
-1 THsetalpha
 0 0 0 0 setcmykcolor
newpath 39.36998 132.99998 moveto
39.17667 133.1933 39.17667 133.50671 39.36998 133.70003 curveto
39.5633 133.89334 39.87671 133.89334 40.07002 133.70003 curveto
40.26334 133.50671 40.26334 133.1933 40.07002 132.99998 curveto
39.87671 132.80667 39.5633 132.80667 39.36998 132.99998 curveto closepath fill
 0.6 0.6 0.6 setrgbcolor
newpath 39.36998 132.99998 moveto
39.17667 133.1933 39.17667 133.50671 39.36998 133.70003 curveto
39.5633 133.89334 39.87671 133.89334 40.07002 133.70003 curveto
40.26334 133.50671 40.26334 133.1933 40.07002 132.99998 curveto
39.87671 132.80667 39.5633 132.80667 39.36998 132.99998 curveto closepath stroke
-1 THsetalpha
 0 0 0 0 setcmykcolor
newpath 48.75998 152.64998 moveto
48.56667 152.84329 48.56667 153.15671 48.75998 153.35002 curveto
48.9533 153.54333 49.26671 153.54333 49.46002 153.35002 curveto
49.65334 153.15671 49.65334 152.84329 49.46002 152.64998 curveto
49.26671 152.45667 48.9533 152.45667 48.75998 152.64998 curveto closepath fill
 0.6 0.6 0.6 setrgbcolor
newpath 48.75998 152.64998 moveto
48.56667 152.84329 48.56667 153.15671 48.75998 153.35002 curveto
48.9533 153.54333 49.26671 153.54333 49.46002 153.35002 curveto
49.65334 153.15671 49.65334 152.84329 49.46002 152.64998 curveto
49.26671 152.45667 48.9533 152.45667 48.75998 152.64998 curveto closepath stroke
-1 THsetalpha
 0 0 0 0 setcmykcolor
newpath 66.67998 166.88998 moveto
66.48666 167.0833 66.48666 167.39671 66.67998 167.59003 curveto
66.87329 167.78334 67.1867 167.78334 67.38002 167.59003 curveto
67.57333 167.39671 67.57333 167.0833 67.38002 166.88998 curveto
67.1867 166.69667 66.87329 166.69667 66.67998 166.88998 curveto closepath fill
 0.6 0.6 0.6 setrgbcolor
newpath 66.67998 166.88998 moveto
66.48666 167.0833 66.48666 167.39671 66.67998 167.59003 curveto
66.87329 167.78334 67.1867 167.78334 67.38002 167.59003 curveto
67.57333 167.39671 67.57333 167.0833 67.38002 166.88998 curveto
67.1867 166.69667 66.87329 166.69667 66.67998 166.88998 curveto closepath stroke
showpage
%%EOF
