%!PS
%%BoundingBox: -43 -68 55 69 
%%HiResBoundingBox: -42.5475 -67.95744 54.96 68.28 
%%Creator: MetaPost 2.01
%%CreationDate: 2023.02.28:1206
%%Pages: 1
%%BeginProlog
%%EndProlog
%%Page: 1 1
 0 0 0 1 setcmykcolor 0 0.7 dtransform truncate idtransform setlinewidth pop
 [] 0 setdash 1 setlinecap 1 setlinejoin 10 setmiterlimit
newpath -12.14 -12.3 moveto
-11.09 -14.25 lineto
-13.08 -15.45 lineto
-13.87 -13.87 lineto
-13.22 -12.96 lineto
-12.18 -12.47 lineto stroke
newpath 13.92354 27.39777 moveto
13.8993 26.51271 lineto
13.34895 25.81915 lineto
15.08339 26.08174 lineto
 closepath fill
 0 0.24501 dtransform truncate idtransform setlinewidth pop
newpath 11.04713 28.2958 moveto
11.2682 27.47037 lineto
10.56828 26.98016 lineto stroke
newpath 11.70496 28.05637 moveto
11.92603 27.23094 lineto
11.2261 26.74072 lineto stroke
newpath 11.2682 27.47037 moveto
14.09665 26.44089 lineto stroke
newpath 1.13802 12.9471 moveto
2.00012 12.74542 lineto
2.56886 12.06685 lineto
2.66039 13.81865 lineto
 closepath fill
newpath -0.32004 10.31003 moveto
0.53299 10.36061 lineto
0.87247 9.57642 lineto stroke
newpath 0.04677 10.90628 moveto
0.8998 10.95686 lineto
1.23927 10.17267 lineto stroke
newpath 0.53299 10.36061 moveto
2.11017 12.92429 lineto stroke
 0 0.7 dtransform truncate idtransform setlinewidth pop
newpath 18.85 22.25 moveto
17.81 23.38 17.68 25.11 16.97 26.49 curveto
16.17 28.04 15.76 29.85 15.6 31.76 curveto
15.26 35.77 13.16 39.33 11.99 43.17 curveto
11.68 45.36 9.93 47.07 9.66 49.29 curveto
9.15 51.24 6.93 52.32 6.65 54.24 curveto
6.43 55.73 5.5 58.4 7.78 58.63 curveto
9.61 58.82 11.37 58.43 12.46 60.4 curveto stroke
newpath 11.96 62.27 moveto
11.96 62.27 10.73 61.59 10.71 64.1 curveto
10.68 66.61 11.93 67.83 11.93 67.83 curveto stroke
newpath 8 67.93 moveto
7.7 66.71 5.29 64.27 5.04 63.68 curveto
4.79 63.09 3.47 60.27 3.47 60.27 curveto
3.47 60.27 2.18 57.55 0.14 59.38 curveto
-1.88 61.19 -5.89 64.07 -6.64 64.47 curveto
-7.41 64.87 -9.36 65.48 -10.84 65.44 curveto
-12.37 65.41 -15.34 65.3 -16.23 65.38 curveto
-17.11 65.46 -21.16 65.22 -21.16 65.22 curveto stroke
newpath -21.51 54.64 moveto
-15.5 53.06 -14.02 52.48 -12.37 50.12 curveto
-10.76 47.83 -8.73 46.61 -7.07 44.92 curveto
-5.45 43.28 -2.75 43.36 -2.36 39.29 curveto
-1.97 35.17 -2.83 33.91 -2.62 32.12 curveto
-2.41 30.36 -1.75 29.43 0.33 27.55 curveto
2.37 25.71 3.79 24.35 3.04 22.07 curveto
2.27 19.76 0.93 20.38 0.25 17.8 curveto
-0.42 15.25 1.26 15.74 0.95 13.33 curveto
0.65 10.96 0.73 8.54 -1.03 8.17 curveto
-2.99 7.75 -5.16 9.2 -6.13 7.96 curveto
-7.11 6.69 -8.28 3.6 -8.84 2.32 curveto
-9.39 1.06 -11.72 -0.7 -13.01 -2.74 curveto
-14.29 -4.77 -15.86 -5.86 -16.88 -6.78 curveto
-17.89 -7.69 -18.18 -8.68 -19.7 -10.58 curveto
-21.19 -12.44 -23.78 -15.25 -25.01 -15.75 curveto
-26.13 -16.21 -28.91 -17.01 -29.19 -16.85 curveto
-29.39 -16.72 -31.55 -16.29 -32.28 -14.86 curveto
-32.42 -14.6 -32.17 -14.21 -33.03 -13.7 curveto stroke
newpath -29.56 -28.99 moveto
-29.99 -29.09 -30.04 -28.97 -28.82 -28.64 curveto
-27.72 -28.34 -25.95 -27.94 -23.81 -30.27 curveto
-21.78 -32.48 -21.07 -33.56 -20.24 -34.64 curveto
-19.42 -35.7 -16.34 -42.46 -14.61 -43.65 curveto
-12.89 -44.83 -12.38 -46.95 -12.38 -46.95 curveto stroke
newpath -13.32 -34.36 moveto
-13.99 -33.46 -16.83 -33.29 -15.74 -30.59 curveto
-14.65 -27.92 -13.84 -27.53 -11.83 -28.65 curveto
-9.75 -29.8 -9.03 -31.3 -6.75 -32.72 curveto
-4.5 -34.11 -2.48 -35.9 -1.62 -36.79 curveto
-0.76 -37.68 0.07 -40.45 1.66 -41.16 curveto
3.26 -41.87 10.66 -41.38 11.78 -41.84 curveto
12.91 -42.31 16.49 -41.84 17.83 -42.61 curveto
19.16 -43.37 22.45 -45.87 23.86 -47.31 curveto
25.3 -48.76 25.89 -49.08 25.97 -50.89 curveto
26.06 -52.69 26.79 -53.7 25.25 -55.08 curveto
23.71 -56.46 22.88 -56.91 22.04 -58.44 curveto
21.19 -59.96 21.64 -61.36 20.43 -62.05 curveto
19.22 -62.74 16.87 -62.32 16.87 -62.32 curveto stroke
newpath 20.17 -66.84 moveto
20.58 -66.39 24.58 -62.68 25.37 -62 curveto
26.16 -61.32 30.57 -55.26 30.99 -55.35 curveto
31.41 -55.44 34.86 -54.95 37.1 -55.69 curveto
39.36 -56.45 39.6 -55.85 41.5 -55.81 curveto
43.49 -55.76 50.72 -59.4 50.72 -59.4 curveto stroke
newpath 6.03 -22.77 moveto
6.83 -24.1 9.74 -23.53 10.31 -24 curveto
10.88 -24.48 14.55 -27.32 16.07 -28.56 curveto
17.6 -29.82 20.36 -33.21 20.68 -33.16 curveto
20.99 -33.11 30.73 -36.35 31.24 -36.51 curveto
31.76 -36.66 36.82 -38.67 38.84 -40.12 curveto
41.06 -41.72 40.03 -41.72 40.06 -44.55 curveto
40.1 -47.39 38.95 -45.77 38.3 -45.53 curveto
37.63 -45.28 32.93 -45.2 31.77 -44.68 curveto
30.64 -44.17 22.34 -40.72 21.13 -39.73 curveto
19.93 -38.74 17.13 -37.45 15.97 -35.86 curveto
14.67 -34.07 13.76 -32.62 13.24 -31.85 curveto
12.72 -31.09 6.81 -30.88 4.97 -29.4 curveto
3.15 -27.93 3.5 -25.56 3.25 -25.3 curveto
3.01 -25.04 0.69 -25.99 0.25 -25.9 curveto
-0.18 -25.81 -4.35 -24.08 -5.64 -23.37 curveto
-6.9 -22.66 -10.06 -23.61 -12.87 -22.6 curveto
-15.62 -21.61 -13.53 -21.09 -13.12 -19.03 curveto
-12.71 -16.99 -11.29 -18.13 -9.96 -16.6 curveto
-8.71 -15.16 -7.5 -15.24 -6.57 -14.36 curveto
-5.65 -13.49 -1.38 -11.89 0.03 -12.66 curveto
1.51 -13.47 1.24 -19.09 1.23 -19.93 curveto
1.23 -19.93 5.24 -21.43 6.03 -22.77 curveto closepath stroke
 [6 6 ] 0 setdash
newpath 16.95 -62.19 moveto
16.95 -62.19 2.25 -52.82 -3.75 -46.7 curveto
-7.33 -43.06 -13.27 -34.27 -13.27 -34.27 curveto stroke
newpath -12.38 -46.95 moveto
-12.38 -46.95 -12.15 -48.66 -9.6 -51.78 curveto
-7.04 -54.92 12.04 -65.13 15.21 -66.45 curveto
18.39 -67.77 19.32 -67.99 20.15 -66.96 curveto stroke
newpath 5.06082 48.01628 moveto
5.6224 48.70078 lineto
6.48236 48.91148 lineto
4.95094 49.76703 lineto
 closepath fill
 1 1 1 setrgbcolor
newpath 5.06082 48.01628 moveto
5.6224 48.70078 lineto
6.48236 48.91148 lineto
7.82523 46.77908 lineto
6.40369 45.88388 lineto
 closepath fill
 0 0 0 1 setcmykcolor 0 0.24501 dtransform truncate idtransform setlinewidth pop
 [] 0 setdash
newpath 7.11446 46.33148 moveto
5.5105 48.87846 lineto stroke
newpath 9.10245 39.45325 moveto
9.68875 40.1167 lineto
10.55585 40.29575 lineto
9.05682 41.20685 lineto
 closepath fill
 1 1 1 setrgbcolor
newpath 9.10245 39.45325 moveto
9.68875 40.1167 lineto
10.55585 40.29575 lineto
11.81966 38.11554 lineto
10.36626 37.27304 lineto
 closepath fill
 0 0 0 1 setcmykcolor
newpath 11.09296 37.69429 moveto
9.58344 40.29839 lineto stroke
newpath 11.18304 32.15202 moveto
11.7751 32.81035 lineto
12.64374 32.98183 lineto
11.15271 33.90596 lineto
 closepath fill
 1 1 1 setrgbcolor
newpath 11.18304 32.15202 moveto
11.7751 32.81035 lineto
12.64374 32.98183 lineto
13.88847 30.79071 lineto
12.42778 29.9609 lineto
 closepath fill
 0 0 0 1 setcmykcolor
newpath 13.15813 30.37581 moveto
11.67139 32.99294 lineto stroke
newpath 5.78148 -15.34485 moveto
6.17194 -14.55022 lineto
6.96104 -14.14871 lineto
5.27475 -13.66547 lineto
 closepath fill
 1 1 1 setrgbcolor
newpath 5.78148 -15.34485 moveto
6.17194 -14.55022 lineto
6.96104 -14.14871 lineto
8.75534 -15.91814 lineto
7.57578 -17.11427 lineto
 closepath fill
 0 0 0 1 setcmykcolor
newpath 8.16556 -16.5162 moveto
6.02242 -14.40277 lineto stroke
newpath 19.13142 -25.37878 moveto
19.33612 -24.51738 lineto
20.01668 -23.95102 lineto
18.2652 -23.85338 lineto
 closepath fill
 1 1 1 setrgbcolor
newpath 19.13142 -25.37878 moveto
19.33612 -24.51738 lineto
20.01668 -23.95102 lineto
22.15843 -25.27896 lineto
21.27318 -26.70673 lineto
 closepath fill
 0 0 0 1 setcmykcolor
newpath 21.7158 -25.99284 moveto
19.15764 -24.40672 lineto stroke
newpath 0.57433 -32.64813 moveto
1.05482 -31.90446 lineto
1.88539 -31.59778 lineto
0.26698 -30.92108 lineto
 closepath fill
 1 1 1 setrgbcolor
newpath 0.57433 -32.64813 moveto
1.05482 -31.90446 lineto
1.88539 -31.59778 lineto
3.46101 -33.56445 lineto
2.14995 -34.6148 lineto
 closepath fill
 0 0 0 1 setcmykcolor
newpath 2.80548 -34.08963 moveto
0.92352 -31.74059 lineto stroke
newpath -10.94824 -26.56906 moveto
-10.3701 -25.8985 lineto
-9.50525 -25.70886 lineto
-11.01529 -24.81615 lineto
 closepath fill
 1 1 1 setrgbcolor
newpath -10.94824 -26.56906 moveto
-10.3701 -25.8985 lineto
-9.50525 -25.70886 lineto
-8.21492 -27.87346 lineto
-9.65791 -28.73366 lineto
 closepath fill
 0 0 0 1 setcmykcolor
newpath -8.93642 -28.30356 moveto
-10.47762 -25.71812 lineto stroke
newpath 10.73334 -37.57584 moveto
11.22287 -36.8381 lineto
12.05713 -36.54156 lineto
10.4471 -35.84517 lineto
 closepath fill
 1 1 1 setrgbcolor
newpath 10.73334 -37.57584 moveto
11.22287 -36.8381 lineto
12.05713 -36.54156 lineto
13.6086 -38.52736 lineto
12.2848 -39.56163 lineto
 closepath fill
 0 0 0 1 setcmykcolor
newpath 12.9467 -39.0445 moveto
11.09358 -36.67262 lineto stroke
newpath 21.70404 -43.44691 moveto
22.08476 -42.64755 lineto
22.86893 -42.23643 lineto
21.17683 -41.77383 lineto
 closepath fill
 1 1 1 setrgbcolor
newpath 21.70404 -43.44691 moveto
22.08476 -42.64755 lineto
22.86893 -42.23643 lineto
24.68472 -43.98383 lineto
23.51984 -45.1943 lineto
 closepath fill
 0 0 0 1 setcmykcolor
newpath 24.10228 -44.58907 moveto
21.93346 -42.50195 lineto stroke
 0 0.7 dtransform truncate idtransform setlinewidth pop
newpath 54.61 -44.92 moveto
52.36 -41.58 50.04 -37.82 47.19 -35.04 curveto
44.38 -34.37 42.85 -32.08 41.19 -30.25 curveto
37.34 -27.8 32.84 -26.6 28.55 -24.96 curveto
25.94 -24.3 23.76 -22.83 21.59 -21.35 curveto
18.27 -19.07 14.7 -17.07 11.89 -14.14 curveto
9.99 -12.15 7.12 -10.7 6.46 -7.82 curveto
5.4 -4.72 4.64 -1.54 4.96 2.88 curveto
5.2 6.16 4.85 8.84 5.74 11.43 curveto
7.07 13.4 9.82 13.96 12.02 14.94 curveto
14.37 15.89 16.5 14.65 18.48 13.83 curveto stroke
-1 THsetalpha
 0 0 0 0 setcmykcolor
newpath 17.82997 18.98997 moveto
17.63666 19.18329 17.63666 19.4967 17.82997 19.69002 curveto
18.02328 19.88333 18.3367 19.88333 18.53001 19.69002 curveto
18.72333 19.4967 18.72333 19.18329 18.53001 18.98997 curveto
18.3367 18.79666 18.02328 18.79666 17.82997 18.98997 curveto closepath fill
 0.6 0.6 0.6 setrgbcolor 0 0.24501 dtransform truncate idtransform setlinewidth pop
newpath 17.82997 18.98997 moveto
17.63666 19.18329 17.63666 19.4967 17.82997 19.69002 curveto
18.02328 19.88333 18.3367 19.88333 18.53001 19.69002 curveto
18.72333 19.4967 18.72333 19.18329 18.53001 18.98997 curveto
18.3367 18.79666 18.02328 18.79666 17.82997 18.98997 curveto closepath stroke
-1 THsetalpha
 0 0 0 0 setcmykcolor
newpath 0.03998 -0.45003 moveto
-0.15334 -0.25671 -0.15334 0.0567 0.03998 0.25002 curveto
0.23329 0.44333 0.5467 0.44333 0.74002 0.25002 curveto
0.93333 0.0567 0.93333 -0.25671 0.74002 -0.45003 curveto
0.5467 -0.64334 0.23329 -0.64334 0.03998 -0.45003 curveto closepath fill
 0.6 0.6 0.6 setrgbcolor
newpath 0.03998 -0.45003 moveto
-0.15334 -0.25671 -0.15334 0.0567 0.03998 0.25002 curveto
0.23329 0.44333 0.5467 0.44333 0.74002 0.25002 curveto
0.93333 0.0567 0.93333 -0.25671 0.74002 -0.45003 curveto
0.5467 -0.64334 0.23329 -0.64334 0.03998 -0.45003 curveto closepath stroke
-1 THsetalpha
 0 0 0 0 setcmykcolor
newpath 12.42998 -20.25002 moveto
12.23666 -20.0567 12.23666 -19.74329 12.42998 -19.54997 curveto
12.62329 -19.35666 12.9367 -19.35666 13.13002 -19.54997 curveto
13.32333 -19.74329 13.32333 -20.0567 13.13002 -20.25002 curveto
12.9367 -20.44333 12.62329 -20.44333 12.42998 -20.25002 curveto closepath fill
 0.6 0.6 0.6 setrgbcolor
newpath 12.42998 -20.25002 moveto
12.23666 -20.0567 12.23666 -19.74329 12.42998 -19.54997 curveto
12.62329 -19.35666 12.9367 -19.35666 13.13002 -19.54997 curveto
13.32333 -19.74329 13.32333 -20.0567 13.13002 -20.25002 curveto
12.9367 -20.44333 12.62329 -20.44333 12.42998 -20.25002 curveto closepath stroke
-1 THsetalpha
 0 0 0 0 setcmykcolor
newpath 22.43997 -28.63002 moveto
22.24666 -28.4367 22.24666 -28.12329 22.43997 -27.92998 curveto
22.63329 -27.73666 22.9467 -27.73666 23.14001 -27.92998 curveto
23.33333 -28.12329 23.33333 -28.4367 23.14001 -28.63002 curveto
22.9467 -28.82333 22.63329 -28.82333 22.43997 -28.63002 curveto closepath fill
 0.6 0.6 0.6 setrgbcolor
newpath 22.43997 -28.63002 moveto
22.24666 -28.4367 22.24666 -28.12329 22.43997 -27.92998 curveto
22.63329 -27.73666 22.9467 -27.73666 23.14001 -27.92998 curveto
23.33333 -28.12329 23.33333 -28.4367 23.14001 -28.63002 curveto
22.9467 -28.82333 22.63329 -28.82333 22.43997 -28.63002 curveto closepath stroke
-1 THsetalpha
 0 0 0 0 setcmykcolor
newpath 40.90997 -39.02002 moveto
40.71666 -38.8267 40.71666 -38.51329 40.90997 -38.31998 curveto
41.10329 -38.12666 41.4167 -38.12666 41.61002 -38.31998 curveto
41.80333 -38.51329 41.80333 -38.8267 41.61002 -39.02002 curveto
41.4167 -39.21333 41.10329 -39.21333 40.90997 -39.02002 curveto closepath fill
 0.6 0.6 0.6 setrgbcolor
newpath 40.90997 -39.02002 moveto
40.71666 -38.8267 40.71666 -38.51329 40.90997 -38.31998 curveto
41.10329 -38.12666 41.4167 -38.12666 41.61002 -38.31998 curveto
41.80333 -38.51329 41.80333 -38.8267 41.61002 -39.02002 curveto
41.4167 -39.21333 41.10329 -39.21333 40.90997 -39.02002 curveto closepath stroke
-1 THsetalpha
 0 0 0 0 setcmykcolor
newpath 42.55998 -48.86002 moveto
42.36667 -48.6667 42.36667 -48.35329 42.55998 -48.15997 curveto
42.7533 -47.96666 43.06671 -47.96666 43.26003 -48.15997 curveto
43.45334 -48.35329 43.45334 -48.6667 43.26003 -48.86002 curveto
43.06671 -49.05333 42.7533 -49.05333 42.55998 -48.86002 curveto closepath fill
 0.6 0.6 0.6 setrgbcolor
newpath 42.55998 -48.86002 moveto
42.36667 -48.6667 42.36667 -48.35329 42.55998 -48.15997 curveto
42.7533 -47.96666 43.06671 -47.96666 43.26003 -48.15997 curveto
43.45334 -48.35329 43.45334 -48.6667 43.26003 -48.86002 curveto
43.06671 -49.05333 42.7533 -49.05333 42.55998 -48.86002 curveto closepath stroke
-1 THsetalpha
 0 0 0 0 setcmykcolor
newpath 30.30998 -51.64001 moveto
30.11667 -51.4467 30.11667 -51.13329 30.30998 -50.93997 curveto
30.5033 -50.74666 30.81671 -50.74666 31.01003 -50.93997 curveto
31.20334 -51.13329 31.20334 -51.4467 31.01003 -51.64001 curveto
30.81671 -51.83333 30.5033 -51.83333 30.30998 -51.64001 curveto closepath fill
 0.6 0.6 0.6 setrgbcolor
newpath 30.30998 -51.64001 moveto
30.11667 -51.4467 30.11667 -51.13329 30.30998 -50.93997 curveto
30.5033 -50.74666 30.81671 -50.74666 31.01003 -50.93997 curveto
31.20334 -51.13329 31.20334 -51.4467 31.01003 -51.64001 curveto
30.81671 -51.83333 30.5033 -51.83333 30.30998 -51.64001 curveto closepath stroke
-1 THsetalpha
 0 0 0 0 setcmykcolor
newpath 25.17998 -48.62003 moveto
24.98666 -48.42671 24.98666 -48.1133 25.17998 -47.91998 curveto
25.37329 -47.72667 25.6867 -47.72667 25.88002 -47.91998 curveto
26.07333 -48.1133 26.07333 -48.42671 25.88002 -48.62003 curveto
25.6867 -48.81334 25.37329 -48.81334 25.17998 -48.62003 curveto closepath fill
 0.6 0.6 0.6 setrgbcolor
newpath 25.17998 -48.62003 moveto
24.98666 -48.42671 24.98666 -48.1133 25.17998 -47.91998 curveto
25.37329 -47.72667 25.6867 -47.72667 25.88002 -47.91998 curveto
26.07333 -48.1133 26.07333 -48.42671 25.88002 -48.62003 curveto
25.6867 -48.81334 25.37329 -48.81334 25.17998 -48.62003 curveto closepath stroke
-1 THsetalpha
 0 0 0 0 setcmykcolor
newpath 17.79997 -38.72002 moveto
17.60666 -38.5267 17.60666 -38.21329 17.79997 -38.01997 curveto
17.99329 -37.82666 18.3067 -37.82666 18.50002 -38.01997 curveto
18.69333 -38.21329 18.69333 -38.5267 18.50002 -38.72002 curveto
18.3067 -38.91333 17.99329 -38.91333 17.79997 -38.72002 curveto closepath fill
 0.6 0.6 0.6 setrgbcolor
newpath 17.79997 -38.72002 moveto
17.60666 -38.5267 17.60666 -38.21329 17.79997 -38.01997 curveto
17.99329 -37.82666 18.3067 -37.82666 18.50002 -38.01997 curveto
18.69333 -38.21329 18.69333 -38.5267 18.50002 -38.72002 curveto
18.3067 -38.91333 17.99329 -38.91333 17.79997 -38.72002 curveto closepath stroke
-1 THsetalpha
 0 0 0 0 setcmykcolor
newpath 8.75998 -39.50002 moveto
8.56667 -39.3067 8.56667 -38.99329 8.75998 -38.79997 curveto
8.9533 -38.60666 9.26671 -38.60666 9.46002 -38.79997 curveto
9.65334 -38.99329 9.65334 -39.3067 9.46002 -39.50002 curveto
9.26671 -39.69333 8.9533 -39.69333 8.75998 -39.50002 curveto closepath fill
 0.6 0.6 0.6 setrgbcolor
newpath 8.75998 -39.50002 moveto
8.56667 -39.3067 8.56667 -38.99329 8.75998 -38.79997 curveto
8.9533 -38.60666 9.26671 -38.60666 9.46002 -38.79997 curveto
9.65334 -38.99329 9.65334 -39.3067 9.46002 -39.50002 curveto
9.26671 -39.69333 8.9533 -39.69333 8.75998 -39.50002 curveto closepath stroke
-1 THsetalpha
 0 0 0 0 setcmykcolor
newpath -1.28001 -28.99002 moveto
-1.47333 -28.7967 -1.47333 -28.48329 -1.28001 -28.28998 curveto
-1.0867 -28.09666 -0.77328 -28.09666 -0.57997 -28.28998 curveto
-0.38666 -28.48329 -0.38666 -28.7967 -0.57997 -28.99002 curveto
-0.77328 -29.18333 -1.0867 -29.18333 -1.28001 -28.99002 curveto closepath fill
 0.6 0.6 0.6 setrgbcolor
newpath -1.28001 -28.99002 moveto
-1.47333 -28.7967 -1.47333 -28.48329 -1.28001 -28.28998 curveto
-1.0867 -28.09666 -0.77328 -28.09666 -0.57997 -28.28998 curveto
-0.38666 -28.48329 -0.38666 -28.7967 -0.57997 -28.99002 curveto
-0.77328 -29.18333 -1.0867 -29.18333 -1.28001 -28.99002 curveto closepath stroke
-1 THsetalpha
 0 0 0 0 setcmykcolor
newpath -9.91002 -28.20003 moveto
-10.10333 -28.00671 -10.10333 -27.6933 -9.91002 -27.49998 curveto
-9.7167 -27.30667 -9.40329 -27.30667 -9.20998 -27.49998 curveto
-9.01666 -27.6933 -9.01666 -28.00671 -9.20998 -28.20003 curveto
-9.40329 -28.39334 -9.7167 -28.39334 -9.91002 -28.20003 curveto closepath fill
 0.6 0.6 0.6 setrgbcolor
newpath -9.91002 -28.20003 moveto
-10.10333 -28.00671 -10.10333 -27.6933 -9.91002 -27.49998 curveto
-9.7167 -27.30667 -9.40329 -27.30667 -9.20998 -27.49998 curveto
-9.01666 -27.6933 -9.01666 -28.00671 -9.20998 -28.20003 curveto
-9.40329 -28.39334 -9.7167 -28.39334 -9.91002 -28.20003 curveto closepath stroke
-1 THsetalpha
 0 0 0 0 setcmykcolor
newpath -42.28001 -30.35002 moveto
-42.47333 -30.15671 -42.47333 -29.84329 -42.28001 -29.64998 curveto
-42.0867 -29.45667 -41.77328 -29.45667 -41.57997 -29.64998 curveto
-41.38666 -29.84329 -41.38666 -30.15671 -41.57997 -30.35002 curveto
-41.77328 -30.54333 -42.0867 -30.54333 -42.28001 -30.35002 curveto closepath fill
 0.6 0.6 0.6 setrgbcolor
newpath -42.28001 -30.35002 moveto
-42.47333 -30.15671 -42.47333 -29.84329 -42.28001 -29.64998 curveto
-42.0867 -29.45667 -41.77328 -29.45667 -41.57997 -29.64998 curveto
-41.38666 -29.84329 -41.38666 -30.15671 -41.57997 -30.35002 curveto
-41.77328 -30.54333 -42.0867 -30.54333 -42.28001 -30.35002 curveto closepath stroke
-1 THsetalpha
 0 0 0 0 setcmykcolor
newpath -35.93002 -31.97002 moveto
-36.12334 -31.7767 -36.12334 -31.46329 -35.93002 -31.26997 curveto
-35.73671 -31.07666 -35.4233 -31.07666 -35.22998 -31.26997 curveto
-35.03667 -31.46329 -35.03667 -31.7767 -35.22998 -31.97002 curveto
-35.4233 -32.16333 -35.73671 -32.16333 -35.93002 -31.97002 curveto closepath fill
 0.6 0.6 0.6 setrgbcolor
newpath -35.93002 -31.97002 moveto
-36.12334 -31.7767 -36.12334 -31.46329 -35.93002 -31.26997 curveto
-35.73671 -31.07666 -35.4233 -31.07666 -35.22998 -31.26997 curveto
-35.03667 -31.46329 -35.03667 -31.7767 -35.22998 -31.97002 curveto
-35.4233 -32.16333 -35.73671 -32.16333 -35.93002 -31.97002 curveto closepath stroke
-1 THsetalpha
 0 0 0 0 setcmykcolor
newpath -25.90002 -22.85002 moveto
-26.09334 -22.65671 -26.09334 -22.34329 -25.90002 -22.14998 curveto
-25.70671 -21.95667 -25.3933 -21.95667 -25.19998 -22.14998 curveto
-25.00667 -22.34329 -25.00667 -22.65671 -25.19998 -22.85002 curveto
-25.3933 -23.04333 -25.70671 -23.04333 -25.90002 -22.85002 curveto closepath fill
 0.6 0.6 0.6 setrgbcolor
newpath -25.90002 -22.85002 moveto
-26.09334 -22.65671 -26.09334 -22.34329 -25.90002 -22.14998 curveto
-25.70671 -21.95667 -25.3933 -21.95667 -25.19998 -22.14998 curveto
-25.00667 -22.34329 -25.00667 -22.65671 -25.19998 -22.85002 curveto
-25.3933 -23.04333 -25.70671 -23.04333 -25.90002 -22.85002 curveto closepath stroke
-1 THsetalpha
 0 0 0 0 setcmykcolor
newpath -15.15002 -11.16002 moveto
-15.34334 -10.9667 -15.34334 -10.65329 -15.15002 -10.45998 curveto
-14.95671 -10.26666 -14.6433 -10.26666 -14.44998 -10.45998 curveto
-14.25667 -10.65329 -14.25667 -10.9667 -14.44998 -11.16002 curveto
-14.6433 -11.35333 -14.95671 -11.35333 -15.15002 -11.16002 curveto closepath fill
 0.6 0.6 0.6 setrgbcolor
newpath -15.15002 -11.16002 moveto
-15.34334 -10.9667 -15.34334 -10.65329 -15.15002 -10.45998 curveto
-14.95671 -10.26666 -14.6433 -10.26666 -14.44998 -10.45998 curveto
-14.25667 -10.65329 -14.25667 -10.9667 -14.44998 -11.16002 curveto
-14.6433 -11.35333 -14.95671 -11.35333 -15.15002 -11.16002 curveto closepath stroke
-1 THsetalpha
 0 0 0 0 setcmykcolor
newpath -10.84003 -6.10002 moveto
-11.03334 -5.90671 -11.03334 -5.59329 -10.84003 -5.39998 curveto
-10.64671 -5.20667 -10.3333 -5.20667 -10.13998 -5.39998 curveto
-9.94667 -5.59329 -9.94667 -5.90671 -10.13998 -6.10002 curveto
-10.3333 -6.29333 -10.64671 -6.29333 -10.84003 -6.10002 curveto closepath fill
 0.6 0.6 0.6 setrgbcolor
newpath -10.84003 -6.10002 moveto
-11.03334 -5.90671 -11.03334 -5.59329 -10.84003 -5.39998 curveto
-10.64671 -5.20667 -10.3333 -5.20667 -10.13998 -5.39998 curveto
-9.94667 -5.59329 -9.94667 -5.90671 -10.13998 -6.10002 curveto
-10.3333 -6.29333 -10.64671 -6.29333 -10.84003 -6.10002 curveto closepath stroke
-1 THsetalpha
 0 0 0 0 setcmykcolor
newpath 0.84998 4.02998 moveto
0.65666 4.2233 0.65666 4.53671 0.84998 4.73003 curveto
1.04329 4.92334 1.3567 4.92334 1.55002 4.73003 curveto
1.74333 4.53671 1.74333 4.2233 1.55002 4.02998 curveto
1.3567 3.83667 1.04329 3.83667 0.84998 4.02998 curveto closepath fill
 0.6 0.6 0.6 setrgbcolor
newpath 0.84998 4.02998 moveto
0.65666 4.2233 0.65666 4.53671 0.84998 4.73003 curveto
1.04329 4.92334 1.3567 4.92334 1.55002 4.73003 curveto
1.74333 4.53671 1.74333 4.2233 1.55002 4.02998 curveto
1.3567 3.83667 1.04329 3.83667 0.84998 4.02998 curveto closepath stroke
-1 THsetalpha
 0 0 0 0 setcmykcolor
newpath 2.95998 13.28998 moveto
2.76666 13.48329 2.76666 13.7967 2.95998 13.99002 curveto
3.15329 14.18333 3.4667 14.18333 3.66002 13.99002 curveto
3.85333 13.7967 3.85333 13.48329 3.66002 13.28998 curveto
3.4667 13.09666 3.15329 13.09666 2.95998 13.28998 curveto closepath fill
 0.6 0.6 0.6 setrgbcolor
newpath 2.95998 13.28998 moveto
2.76666 13.48329 2.76666 13.7967 2.95998 13.99002 curveto
3.15329 14.18333 3.4667 14.18333 3.66002 13.99002 curveto
3.85333 13.7967 3.85333 13.48329 3.66002 13.28998 curveto
3.4667 13.09666 3.15329 13.09666 2.95998 13.28998 curveto closepath stroke
-1 THsetalpha
 0 0 0 0 setcmykcolor
newpath 10.24998 25.43997 moveto
10.05667 25.63329 10.05667 25.9467 10.24998 26.14001 curveto
10.4433 26.33333 10.75671 26.33333 10.95003 26.14001 curveto
11.14334 25.9467 11.14334 25.63329 10.95003 25.43997 curveto
10.75671 25.24666 10.4433 25.24666 10.24998 25.43997 curveto closepath fill
 0.6 0.6 0.6 setrgbcolor
newpath 10.24998 25.43997 moveto
10.05667 25.63329 10.05667 25.9467 10.24998 26.14001 curveto
10.4433 26.33333 10.75671 26.33333 10.95003 26.14001 curveto
11.14334 25.9467 11.14334 25.63329 10.95003 25.43997 curveto
10.75671 25.24666 10.4433 25.24666 10.24998 25.43997 curveto closepath stroke
-1 THsetalpha
 0 0 0 0 setcmykcolor
newpath -1.93002 51.99998 moveto
-2.12334 52.1933 -2.12334 52.50671 -1.93002 52.70003 curveto
-1.73671 52.89334 -1.4233 52.89334 -1.22998 52.70003 curveto
-1.03667 52.50671 -1.03667 52.1933 -1.22998 51.99998 curveto
-1.4233 51.80667 -1.73671 51.80667 -1.93002 51.99998 curveto closepath fill
 0.6 0.6 0.6 setrgbcolor
newpath -1.93002 51.99998 moveto
-2.12334 52.1933 -2.12334 52.50671 -1.93002 52.70003 curveto
-1.73671 52.89334 -1.4233 52.89334 -1.22998 52.70003 curveto
-1.03667 52.50671 -1.03667 52.1933 -1.22998 51.99998 curveto
-1.4233 51.80667 -1.73671 51.80667 -1.93002 51.99998 curveto closepath stroke
-1 THsetalpha
 0 0 0 0 setcmykcolor
newpath -32.93002 61.92998 moveto
-33.12334 62.12329 -33.12334 62.4367 -32.93002 62.63002 curveto
-32.73671 62.82333 -32.4233 62.82333 -32.22998 62.63002 curveto
-32.03667 62.4367 -32.03667 62.12329 -32.22998 61.92998 curveto
-32.4233 61.73666 -32.73671 61.73666 -32.93002 61.92998 curveto closepath fill
 0.6 0.6 0.6 setrgbcolor
newpath -32.93002 61.92998 moveto
-33.12334 62.12329 -33.12334 62.4367 -32.93002 62.63002 curveto
-32.73671 62.82333 -32.4233 62.82333 -32.22998 62.63002 curveto
-32.03667 62.4367 -32.03667 62.12329 -32.22998 61.92998 curveto
-32.4233 61.73666 -32.73671 61.73666 -32.93002 61.92998 curveto closepath stroke
-1 THsetalpha
 0 0 0 0 setcmykcolor
newpath -8.78001 61.49998 moveto
-8.97333 61.6933 -8.97333 62.00671 -8.78001 62.20003 curveto
-8.5867 62.39334 -8.27328 62.39334 -8.07997 62.20003 curveto
-7.88666 62.00671 -7.88666 61.6933 -8.07997 61.49998 curveto
-8.27328 61.30667 -8.5867 61.30667 -8.78001 61.49998 curveto closepath fill
 0.6 0.6 0.6 setrgbcolor
newpath -8.78001 61.49998 moveto
-8.97333 61.6933 -8.97333 62.00671 -8.78001 62.20003 curveto
-8.5867 62.39334 -8.27328 62.39334 -8.07997 62.20003 curveto
-7.88666 62.00671 -7.88666 61.6933 -8.07997 61.49998 curveto
-8.27328 61.30667 -8.5867 61.30667 -8.78001 61.49998 curveto closepath stroke
showpage
%%EOF
