%!PS
%%BoundingBox: -88 -96 81 92 
%%HiResBoundingBox: -87.15692 -95.89363 80.5675 91.8775 
%%Creator: MetaPost 2.01
%%CreationDate: 2023.02.28:1206
%%Pages: 1
%%BeginProlog
%%EndProlog
%%Page: 1 1
 1 0.85715 0 0.3 setcmykcolor 0 0.35
 dtransform truncate idtransform setlinewidth pop [] 0 setdash 1 setlinecap
 1 setlinejoin 10 setmiterlimit
newpath -57.28032 -87.33113 moveto
-57.85995 -87.33923 -58.04572 -88.32042 -58.66844 -88.19057 curveto
-59.47646 -88.0221 -58.74974 -86.325 -59.7448 -86.31548 curveto
-60.82466 -86.30515 -59.99164 -88.05803 -60.76729 -88.28996 curveto
-61.6377 -88.5502 -61.5886 -87.1644 -62.18767 -86.83958 curveto
-62.91719 -86.44405 -63.53465 -87.41847 -64.27968 -87.42888 curveto stroke
newpath -62.02034 -86.38063 moveto
-62.19482 -86.22873 -62.37549 -86.10443 -62.57243 -86.08385 curveto
-63.39778 -85.9976 -63.59535 -87.13416 -64.27968 -87.42888 curveto
-63.58739 -87.70438 -62.64401 -87.04044 -62.12141 -87.68504 curveto
-61.99672 -87.83885 -61.95685 -88.05447 -61.94089 -88.28531 curveto
 closepath stroke
newpath -62.02034 -86.38063 moveto
-62.19482 -86.22873 -62.37549 -86.10443 -62.57243 -86.08385 curveto
-63.39778 -85.9976 -63.59535 -87.13416 -64.27968 -87.42888 curveto
-63.58739 -87.70438 -62.64401 -87.04044 -62.12141 -87.68504 curveto
-61.99672 -87.83885 -61.95685 -88.05447 -61.94089 -88.28531 curveto
 closepath fill
newpath -79.1282 -95.71863 moveto
-79.44815 -95.23523 -80.3742 -95.609 -80.60135 -95.0148 curveto
-80.89609 -94.24384 -79.07538 -93.93854 -79.60493 -93.09604 curveto
-80.17961 -92.18175 -81.20465 -93.82973 -81.81886 -93.30229 curveto
-82.50809 -92.71043 -81.3154 -92.0031 -81.3657 -91.32347 curveto
-81.42699 -90.4959 -82.58055 -90.5027 -82.99179 -89.88138 curveto stroke
newpath -80.8891 -91.21634 moveto
-80.85553 -90.98744 -80.84854 -90.76826 -80.93762 -90.5914 curveto
-81.31093 -89.85027 -82.37407 -90.29802 -82.99179 -89.88138 curveto
-82.84962 -90.61278 -81.78127 -91.04796 -82.04138 -91.83598 curveto
-82.10344 -92.024 -82.26335 -92.17404 -82.44896 -92.3122 curveto
 closepath stroke
newpath -80.8891 -91.21634 moveto
-80.85553 -90.98744 -80.84854 -90.76826 -80.93762 -90.5914 curveto
-81.31093 -89.85027 -82.37407 -90.29802 -82.99179 -89.88138 curveto
-82.84962 -90.61278 -81.78127 -91.04796 -82.04138 -91.83598 curveto
-82.10344 -92.024 -82.26335 -92.17404 -82.44896 -92.3122 curveto
 closepath fill
newpath -86.98192 -82.02286 moveto
-86.44 -81.81702 -86.60103 -80.83145 -85.97145 -80.7405 curveto
-85.15454 -80.62247 -85.25699 -82.46576 -84.3187 -82.13438 curveto
-83.30043 -81.77475 -84.68274 -80.4125 -84.03316 -79.92928 curveto
-83.30426 -79.38704 -82.87643 -80.70604 -82.2024 -80.80638 curveto
-81.38159 -80.92857 -81.13463 -79.80173 -80.4381 -79.53714 curveto stroke
newpath -82.20267 -81.29489 moveto
-81.98674 -81.37796 -81.77449 -81.43295 -81.58237 -81.38495 curveto
-80.7773 -81.1837 -80.98035 -80.04814 -80.4381 -79.53714 curveto
-81.18286 -79.51503 -81.84227 -80.46156 -82.55382 -80.03458 curveto
-82.7236 -79.9327 -82.83481 -79.7437 -82.92877 -79.53227 curveto
 closepath stroke
newpath -82.20267 -81.29489 moveto
-81.98674 -81.37796 -81.77449 -81.43295 -81.58237 -81.38495 curveto
-80.7773 -81.1837 -80.98035 -80.04814 -80.4381 -79.53714 curveto
-81.18286 -79.51503 -81.84227 -80.46156 -82.55382 -80.03458 curveto
-82.7236 -79.9327 -82.83481 -79.7437 -82.92877 -79.53227 curveto
 closepath fill
newpath -85.49622 -85.57169 moveto
-85.03143 -85.22525 -85.4563 -84.32153 -84.87573 -84.06155 curveto
-84.12242 -83.72424 -83.71594 -85.52505 -82.90434 -84.94931 curveto
-82.02356 -84.32448 -83.72618 -83.39304 -83.23386 -82.75035 curveto
-82.6814 -82.02917 -81.9086 -83.18051 -81.23286 -83.09233 curveto
-80.40999 -82.98497 -80.48119 -81.83359 -79.88379 -81.3883 curveto stroke
newpath -81.09927 -83.56223 moveto
-80.86887 -83.58296 -80.64964 -83.5777 -80.47804 -83.47888 curveto
-79.7589 -83.06479 -80.2653 -82.02832 -79.88379 -81.3883 curveto
-80.60612 -81.57108 -80.98097 -82.66205 -81.78229 -82.44633 curveto
-81.97348 -82.39487 -82.1322 -82.24359 -82.28049 -82.06598 curveto
 closepath stroke
newpath -81.09927 -83.56223 moveto
-80.86887 -83.58296 -80.64964 -83.5777 -80.47804 -83.47888 curveto
-79.7589 -83.06479 -80.2653 -82.02832 -79.88379 -81.3883 curveto
-80.60612 -81.57108 -80.98097 -82.66205 -81.78229 -82.44633 curveto
-81.97348 -82.39487 -82.1322 -82.24359 -82.28049 -82.06598 curveto
 closepath fill
newpath -58.48018 -74.32298 moveto
-58.74515 -73.80739 -59.70662 -74.07727 -59.86719 -73.46175 curveto
-60.07552 -72.66309 -58.23232 -72.55945 -58.66621 -71.66393 curveto
-59.1371 -70.6921 -60.33679 -72.21764 -60.8894 -71.62598 curveto
-61.5095 -70.96205 -60.2464 -70.38988 -60.22183 -69.70886 curveto
-60.19191 -68.87956 -61.33925 -68.75974 -61.67982 -68.09703 curveto stroke
newpath -59.73634 -69.65468 moveto
-59.67787 -69.43085 -59.64687 -69.21376 -59.716 -69.0282 curveto
-60.0057 -68.25056 -61.11156 -68.57895 -61.67982 -68.09703 curveto
-61.61879 -68.83963 -60.60464 -69.3894 -60.94966 -70.14412 curveto
-61.03198 -70.3242 -61.2074 -70.45578 -61.40703 -70.57272 curveto
 closepath stroke
newpath -59.73634 -69.65468 moveto
-59.67787 -69.43085 -59.64687 -69.21376 -59.716 -69.0282 curveto
-60.0057 -68.25056 -61.11156 -68.57895 -61.67982 -68.09703 curveto
-61.61879 -68.83963 -60.60464 -69.3894 -60.94966 -70.14412 curveto
-61.03198 -70.3242 -61.2074 -70.45578 -61.40703 -70.57272 curveto
 closepath fill
newpath -55.75371 -72.14651 moveto
-55.97835 -71.61212 -56.95767 -71.80743 -57.07056 -71.18143 curveto
-57.21701 -70.36914 -55.37129 -70.4072 -55.73521 -69.48103 curveto
-56.13016 -68.47595 -57.44333 -69.90495 -57.94893 -69.27264 curveto
-58.51627 -68.56311 -57.213 -68.08952 -57.13626 -67.4124 curveto
-57.0428 -66.58783 -58.17757 -66.38036 -58.4663 -65.69348 curveto stroke
newpath -56.64804 -67.39563 moveto
-56.57256 -67.17693 -56.52501 -66.96286 -56.57968 -66.77255 curveto
-56.8089 -65.97499 -57.93668 -66.21758 -58.4663 -65.69348 curveto
-58.4624 -66.43855 -57.49342 -67.06451 -57.89532 -67.79054 curveto
-57.99121 -67.96378 -58.17621 -68.08151 -58.38423 -68.18279 curveto
 closepath stroke
newpath -56.64804 -67.39563 moveto
-56.57256 -67.17693 -56.52501 -66.96286 -56.57968 -66.77255 curveto
-56.8089 -65.97499 -57.93668 -66.21758 -58.4663 -65.69348 curveto
-58.4624 -66.43855 -57.49342 -67.06451 -57.89532 -67.79054 curveto
-57.99121 -67.96378 -58.17621 -68.08151 -58.38423 -68.18279 curveto
 closepath fill
newpath -47.92058 -68.04718 moveto
-48.20866 -67.54416 -49.15689 -67.85738 -49.34523 -67.24977 curveto
-49.58961 -66.46138 -47.75299 -66.2742 -48.22708 -65.3993 curveto
-48.74158 -64.44983 -49.8708 -66.02824 -50.4497 -65.46227 curveto
-51.09929 -64.82716 -49.86345 -64.19826 -49.8698 -63.51682 curveto
-49.87753 -62.68701 -51.02914 -62.61937 -51.39943 -61.97281 curveto stroke
newpath -49.38727 -63.44067 moveto
-49.339 -63.2144 -49.31789 -62.99614 -49.39536 -62.81392 curveto
-49.72006 -62.05022 -50.80989 -62.42845 -51.39943 -61.97281 curveto
-51.30476 -62.71187 -50.26671 -63.21507 -50.57713 -63.98465 curveto
-50.6512 -64.16829 -50.82047 -64.3077 -51.0146 -64.43356 curveto
 closepath stroke
newpath -49.38727 -63.44067 moveto
-49.339 -63.2144 -49.31789 -62.99614 -49.39536 -62.81392 curveto
-49.72006 -62.05022 -50.80989 -62.42845 -51.39943 -61.97281 curveto
-51.30476 -62.71187 -50.26671 -63.21507 -50.57713 -63.98465 curveto
-50.6512 -64.16829 -50.82047 -64.3077 -51.0146 -64.43356 curveto
 closepath fill
newpath -50.65312 -69.6652 moveto
-50.97392 -69.18239 -51.89929 -69.55774 -52.12749 -68.96397 curveto
-52.42357 -68.19353 -50.60341 -67.88504 -51.13443 -67.04349 curveto
-51.71071 -66.13022 -52.73285 -67.77997 -53.34798 -67.2536 curveto
-54.03822 -66.66296 -52.84679 -65.95354 -52.89828 -65.27403 curveto
-52.961 -64.44656 -54.11453 -64.45538 -54.52687 -63.8348 curveto stroke
newpath -52.42188 -65.16606 moveto
-52.3887 -64.9371 -52.3821 -64.71793 -52.47147 -64.54123 curveto
-52.84608 -63.80075 -53.90842 -64.25035 -54.52687 -63.8348 curveto
-54.38342 -64.56593 -53.31432 -64.99924 -53.57306 -65.78772 curveto
-53.63478 -65.97585 -53.79443 -66.12616 -53.97981 -66.26462 curveto
 closepath stroke
newpath -52.42188 -65.16606 moveto
-52.3887 -64.9371 -52.3821 -64.71793 -52.47147 -64.54123 curveto
-52.84608 -63.80075 -53.90842 -64.25035 -54.52687 -63.8348 curveto
-54.38342 -64.56593 -53.31432 -64.99924 -53.57306 -65.78772 curveto
-53.63478 -65.97585 -53.79443 -66.12616 -53.97981 -66.26462 curveto
 closepath fill
 0 0 0 1 setcmykcolor
newpath -34.73004 -52.01003 moveto
-34.73004 -51.07663 -33.32996 -51.07663 -33.32996 -52.01003 curveto
-33.32996 -52.6616 -34.03 -53.10844 -34.03 -53.76003 curveto stroke
 0 0.84 dtransform truncate idtransform setlinewidth pop
newpath -34.03 -54.80998 moveto 0 0 rlineto stroke
 0 0.35 dtransform truncate idtransform setlinewidth pop
newpath -23.23004 22.90997 moveto
-23.23004 23.84337 -21.82996 23.84337 -21.82996 22.90997 curveto
-21.82996 22.25839 -22.53 21.81155 -22.53 21.15997 curveto stroke
 0 0.84 dtransform truncate idtransform setlinewidth pop
newpath -22.53 20.11002 moveto 0 0 rlineto stroke
 0 0.35 dtransform truncate idtransform setlinewidth pop
newpath -51.76004 -27.84003 moveto
-51.76004 -26.90663 -50.35995 -26.90663 -50.35995 -27.84003 curveto
-50.35995 -28.49161 -51.06 -28.93845 -51.06 -29.59003 curveto stroke
 0 0.84 dtransform truncate idtransform setlinewidth pop
newpath -51.06 -30.63998 moveto 0 0 rlineto stroke
 0 0.7 dtransform truncate idtransform setlinewidth pop
newpath -5.17 -5.02 moveto
-5.64 -5.03 -6.24 -4.76 -6.39 -4.31 curveto
-6.54 -3.89 -6.16 -3.43 -5.89 -3.07 curveto
-5.62 -2.72 -5.17 -2.54 -4.82 -2.26 curveto
-4.45 -1.96 -4.1 -1.63 -3.73 -1.32 curveto
-3.38 -1.03 -3.03 -0.73 -2.65 -0.47 curveto
-2.25 -0.19 -1.79 0.58 -1.4 0.29 curveto
-0.96 -0.03 -1.59 -0.79 -1.81 -1.3 curveto
-2.02 -1.79 -2.35 -2.22 -2.65 -2.66 curveto
-2.94 -3.09 -3.67 -3.99 -3.67 -3.99 curveto
-3.67 -3.99 -4.61 -5 -5.17 -5.02 curveto closepath stroke
newpath 38.34169 56.86597 moveto
39.19334 56.62389 lineto
39.72948 55.91928 lineto
39.90341 57.66481 lineto
 closepath fill
 0 0.24501 dtransform truncate idtransform setlinewidth pop
newpath 36.76103 54.3005 moveto
37.61551 54.31085 lineto
37.91765 53.51154 lineto stroke
newpath 37.15553 54.87881 moveto
38.01 54.88916 lineto
38.31215 54.08984 lineto stroke
newpath 37.61551 54.31085 moveto
39.31168 56.79736 lineto stroke
newpath 36.37292 32.90172 moveto
37.20404 32.59645 lineto
37.68582 31.85362 lineto
37.99017 33.58122 lineto
 closepath fill
newpath 34.60434 30.46199 moveto
35.45718 30.40822 lineto
35.69855 29.58849 lineto stroke
newpath 35.04109 31.00908 moveto
35.89392 30.95532 lineto
36.1353 30.13557 lineto stroke
newpath 35.45718 30.40822 moveto
37.33505 32.76057 lineto stroke
newpath -7.01196 10.47243 moveto
-6.6077 11.26015 lineto
-5.81168 11.64781 lineto
-7.4893 12.16042 lineto
 closepath fill
 1 1 1 setrgbcolor
newpath -7.01196 10.47243 moveto
-6.6077 11.26015 lineto
-5.81168 11.64781 lineto
-4.04854 9.84732 lineto
-5.24883 8.67194 lineto
 closepath fill
 0 0 0 1 setcmykcolor
newpath -4.64868 9.25963 moveto
-6.75462 11.41017 lineto stroke
newpath -10.8499 13.6199 moveto
-10.52156 14.44215 lineto
-9.76558 14.90302 lineto
-11.484 15.25548 lineto
 closepath fill
 1 1 1 setrgbcolor
newpath -10.8499 13.6199 moveto
-10.52156 14.44215 lineto
-9.76558 14.90302 lineto
-7.84082 13.27644 lineto
-8.92514 11.99333 lineto
 closepath fill
 0 0 0 1 setcmykcolor
newpath -8.38298 12.63489 moveto
-10.68196 14.5777 lineto stroke
newpath -14.81241 17.26033 moveto
-14.35551 18.01872 lineto
-13.53497 18.35136 lineto
-15.17384 18.97687 lineto
 closepath fill
 1 1 1 setrgbcolor
newpath -14.81241 17.26033 moveto
-14.35551 18.01872 lineto
-13.53497 18.35136 lineto
-11.89838 16.43513 lineto
-13.17581 15.3441 lineto
 closepath fill
 0 0 0 1 setcmykcolor
newpath -12.5371 15.88962 moveto
-14.49188 18.1784 lineto stroke
 0 0.7 dtransform truncate idtransform setlinewidth pop
newpath 71.8 89.88 moveto
70.51 89 65.2 87.39 64.15 86.47 curveto
63.11 85.55 60.86 82.31 60.08 80.57 curveto
59.29 78.83 54.52 74.53 53.46 72.64 curveto
52.42 70.76 51.1 68.31 50.2 66.42 curveto
49.3 64.53 48 60.69 47.39 59.39 curveto
46.77 58.09 42.59 56.06 41.55 54.72 curveto
40.51 53.38 39.52 49.3 39.18 48.22 curveto
38.84 47.13 37.68 45.24 37.04 44.31 curveto
36.41 43.38 36.9 43.14 36.19 42.23 curveto
35.49 41.31 34.05 40.29 33.95 40.06 curveto
33.86 39.83 33.97 38.85 33 38.04 curveto
32.02 37.23 28.44 34.72 26.92 32.48 curveto
25.4 30.24 20.63 25.1 19.4 23.37 curveto
18.17 21.64 17.08 19.07 15.97 18.41 curveto
14.85 17.74 12.73 17.48 12.11 16.47 curveto
11.49 15.46 8.21 9.8 6.27 9.64 curveto
4.33 9.48 0.81 11.98 0.21 11.91 curveto
-0.39 11.84 -3.34 11.72 -4.2 12.38 curveto
-5.06 13.03 -7.37 14.28 -8.74 15.79 curveto
-10.11 17.31 -12.61 19.26 -12.85 19.76 curveto
-13.09 20.26 -14.13 21.32 -14.13 21.32 curveto stroke
newpath -17.14 17.5 moveto
-16.27 16.62 -8.17 10.54 -8 8.89 curveto
-7.83 7.25 -7.08 6.76 -7.67 5.31 curveto
-8.25 3.85 -7.67 3.27 -7.9 2.38 curveto
-8.12 1.49 -11.58 -1.79 -11.87 -2.95 curveto
-12.17 -4.12 -11.88 -6.35 -11.61 -7.59 curveto
-11.34 -8.82 -12.03 -12.71 -12.93 -13.65 curveto
-13.83 -14.59 -17.5 -17.92 -18.35 -18.95 curveto
-19.19 -19.97 -20.57 -21.08 -21.02 -21.7 curveto
-21.47 -22.31 -29.32 -28.99 -30.09 -30.03 curveto
-30.87 -31.07 -33.14 -34.28 -33.64 -35.1 curveto
-34.14 -35.93 -35.96 -38.75 -37.09 -38.61 curveto
-38.22 -38.46 -41.74 -34.8 -42.03 -34.21 curveto
-42.32 -33.63 -44.18 -31.19 -44.18 -31.19 curveto
-46.17 -29.22 lineto stroke
newpath -47.58 -30.76 moveto
-47.13 -31.02 -44.62 -33.48 -44.21 -34.46 curveto
-43.8 -35.44 -42.92 -35.44 -43.13 -36.27 curveto
-43.34 -37.09 -42.79 -39.56 -43.55 -39.95 curveto
-44.31 -40.34 -45.26 -42.65 -46.79 -42.92 curveto
-48.32 -43.19 -50.15 -44.32 -50.8 -44.6 curveto
-51.45 -44.87 -52.85 -44.07 -53.75 -45.01 curveto
-54.64 -45.95 -56.02 -47.42 -57.48 -48.29 curveto
-58.93 -49.16 -59.09 -49.2 -59.32 -50.38 curveto
-59.54 -51.56 -59.86 -53.59 -58.91 -54.71 curveto
-57.96 -55.83 -57.3 -57.24 -57.6 -58.69 curveto
-57.9 -60.15 -57.07 -60.65 -58.79 -61.6 curveto
-60.51 -62.55 -61.16 -63.33 -61.58 -64.1 curveto
-62.01 -64.86 -60.58 -64.79 -62.89 -66.24 curveto
-65.21 -67.69 -72.4 -71.88 -73.91 -72.35 curveto
-75.44 -72.81 -76.02 -72.95 -76.73 -74.35 curveto stroke
newpath -80.59 -83.82 moveto
-80.59 -83.82 -80.83 -83.76 -79.64 -84.32 curveto
-78.38 -84.91 -77.35 -84.1 -78.11 -85.52 curveto
-78.85 -86.9 -79.26 -87.16 -79.26 -87.16 curveto stroke
newpath -71.01 -85.72 moveto
-71.01 -85.72 -70.31 -84.95 -70.38 -84.06 curveto
-70.44 -83.16 -71.52 -80.98 -68.45 -79.06 curveto
-65.37 -77.13 -58.65 -72.29 -56.85 -71.36 curveto
-55.05 -70.43 -54.78 -69.41 -53.4 -68.88 curveto
-52.02 -68.36 -48.39 -65.27 -46.65 -64.98 curveto
-44.91 -64.69 -42.89 -63.6 -42.37 -63.29 curveto
-41.86 -62.99 -41.55 -62.34 -41.55 -62.34 curveto
-41.55 -62.34 -39.37 -61.5 -39.21 -60.01 curveto
-39.05 -58.52 -40.37 -58.55 -40.9 -58.93 curveto
-41.43 -59.3 -45.31 -58.83 -48.23 -58.01 curveto
-51.16 -57.19 -52.85 -55.81 -52.85 -53.84 curveto
-52.86 -51.87 -53.24 -49.08 -51.62 -48.69 curveto
-49.99 -48.3 -45.7 -47.79 -43.55 -46.8 curveto
-41.41 -45.82 -38.89 -42.81 -37.13 -43.92 curveto
-35.37 -45.02 -35.55 -49.42 -35.55 -49.42 curveto stroke
newpath -32.29 -47.78 moveto
-32.29 -47.78 -30.49 -45.03 -29.78 -44.26 curveto
-29.07 -43.49 -27.43 -40.48 -25.42 -39.46 curveto
-23.41 -38.44 -22.85 -38.8 -20.38 -35.42 curveto
-17.92 -32.04 -17.84 -26.37 -16.43 -25.42 curveto
-15.02 -24.47 -13.26 -24.99 -8.04 -19.97 curveto
-5.26 -17.3 -5.31 -14.98 -4.95 -13.78 curveto
-4.63 -12.74 -3.76 -12.72 -3.37 -11.97 curveto
-2.52 -10.37 1.45 -5.62 3.2 -4.75 curveto
4.96 -3.89 3.54 -2.29 5.3 -0.26 curveto
7.06 1.78 14.73 7.63 16.26 10.16 curveto
17.78 12.69 18.54 16.22 19.32 16.97 curveto
20.09 17.72 23.24 19.84 24.32 20.66 curveto
25.4 21.48 34.02 30.53 35.04 31.94 curveto
36.07 33.36 37.31 35.6 38.39 35.54 curveto
39.47 35.48 44.39 35.4 46.82 35 curveto
49.25 34.6 50.22 36.98 50.44 37.29 curveto
50.66 37.6 51.03 40.79 50.98 41.75 curveto
50.93 42.71 49.67 45.73 50.46 47.42 curveto
51.26 49.11 54.08 53.79 54.46 54.71 curveto
54.84 55.63 58.91 68.04 60.54 69.88 curveto
62.18 71.73 64.58 75.47 65.32 75.87 curveto
66.05 76.27 71.44 83.25 73.02 83.62 curveto
73.48 83.73 73.98 83.69 74.46 83.59 curveto stroke
-1 THsetalpha
 0 0 0 0 setcmykcolor
newpath -86.56003 -90.85002 moveto
-86.75334 -90.65671 -86.75334 -90.34329 -86.56003 -90.14998 curveto
-86.36671 -89.95667 -86.0533 -89.95667 -85.85999 -90.14998 curveto
-85.66667 -90.34329 -85.66667 -90.65671 -85.85999 -90.85002 curveto
-86.0533 -91.04333 -86.36671 -91.04333 -86.56003 -90.85002 curveto closepath fill
 0.6 0.6 0.6 setrgbcolor 0 0.24501 dtransform truncate idtransform setlinewidth pop
newpath -86.56003 -90.85002 moveto
-86.75334 -90.65671 -86.75334 -90.34329 -86.56003 -90.14998 curveto
-86.36671 -89.95667 -86.0533 -89.95667 -85.85999 -90.14998 curveto
-85.66667 -90.34329 -85.66667 -90.65671 -85.85999 -90.85002 curveto
-86.0533 -91.04333 -86.36671 -91.04333 -86.56003 -90.85002 curveto closepath stroke
-1 THsetalpha
 0 0 0 0 setcmykcolor
newpath -76.50002 -89.82002 moveto
-76.69333 -89.62671 -76.69333 -89.3133 -76.50002 -89.11998 curveto
-76.3067 -88.92667 -75.99329 -88.92667 -75.79997 -89.11998 curveto
-75.60666 -89.3133 -75.60666 -89.62671 -75.79997 -89.82002 curveto
-75.99329 -90.01334 -76.3067 -90.01334 -76.50002 -89.82002 curveto closepath fill
 0.6 0.6 0.6 setrgbcolor
newpath -76.50002 -89.82002 moveto
-76.69333 -89.62671 -76.69333 -89.3133 -76.50002 -89.11998 curveto
-76.3067 -88.92667 -75.99329 -88.92667 -75.79997 -89.11998 curveto
-75.60666 -89.3133 -75.60666 -89.62671 -75.79997 -89.82002 curveto
-75.99329 -90.01334 -76.3067 -90.01334 -76.50002 -89.82002 curveto closepath stroke
-1 THsetalpha
 0 0 0 0 setcmykcolor
newpath -73.96002 -79.22002 moveto
-74.15334 -79.0267 -74.15334 -78.71329 -73.96002 -78.51997 curveto
-73.76671 -78.32666 -73.4533 -78.32666 -73.25998 -78.51997 curveto
-73.06667 -78.71329 -73.06667 -79.0267 -73.25998 -79.22002 curveto
-73.4533 -79.41333 -73.76671 -79.41333 -73.96002 -79.22002 curveto closepath fill
 0.6 0.6 0.6 setrgbcolor
newpath -73.96002 -79.22002 moveto
-74.15334 -79.0267 -74.15334 -78.71329 -73.96002 -78.51997 curveto
-73.76671 -78.32666 -73.4533 -78.32666 -73.25998 -78.51997 curveto
-73.06667 -78.71329 -73.06667 -79.0267 -73.25998 -79.22002 curveto
-73.4533 -79.41333 -73.76671 -79.41333 -73.96002 -79.22002 curveto closepath stroke
-1 THsetalpha
 0 0 0 0 setcmykcolor
newpath -53.74002 -65.06003 moveto
-53.93333 -64.86671 -53.93333 -64.5533 -53.74002 -64.35999 curveto
-53.5467 -64.16667 -53.23329 -64.16667 -53.03998 -64.35999 curveto
-52.84666 -64.5533 -52.84666 -64.86671 -53.03998 -65.06003 curveto
-53.23329 -65.25334 -53.5467 -65.25334 -53.74002 -65.06003 curveto closepath fill
 0.6 0.6 0.6 setrgbcolor
newpath -53.74002 -65.06003 moveto
-53.93333 -64.86671 -53.93333 -64.5533 -53.74002 -64.35999 curveto
-53.5467 -64.16667 -53.23329 -64.16667 -53.03998 -64.35999 curveto
-52.84666 -64.5533 -52.84666 -64.86671 -53.03998 -65.06003 curveto
-53.23329 -65.25334 -53.5467 -65.25334 -53.74002 -65.06003 curveto closepath stroke
-1 THsetalpha
 0 0 0 0 setcmykcolor
newpath -58.44002 -50.76003 moveto
-58.63333 -50.56671 -58.63333 -50.2533 -58.44002 -50.05998 curveto
-58.2467 -49.86667 -57.93329 -49.86667 -57.73997 -50.05998 curveto
-57.54666 -50.2533 -57.54666 -50.56671 -57.73997 -50.76003 curveto
-57.93329 -50.95334 -58.2467 -50.95334 -58.44002 -50.76003 curveto closepath fill
 0.6 0.6 0.6 setrgbcolor
newpath -58.44002 -50.76003 moveto
-58.63333 -50.56671 -58.63333 -50.2533 -58.44002 -50.05998 curveto
-58.2467 -49.86667 -57.93329 -49.86667 -57.73997 -50.05998 curveto
-57.54666 -50.2533 -57.54666 -50.56671 -57.73997 -50.76003 curveto
-57.93329 -50.95334 -58.2467 -50.95334 -58.44002 -50.76003 curveto closepath stroke
-1 THsetalpha
 0 0 0 0 setcmykcolor
newpath -42.81003 -41.14001 moveto
-43.00334 -40.9467 -43.00334 -40.63329 -42.81003 -40.43997 curveto
-42.61671 -40.24666 -42.3033 -40.24666 -42.10999 -40.43997 curveto
-41.91667 -40.63329 -41.91667 -40.9467 -42.10999 -41.14001 curveto
-42.3033 -41.33333 -42.61671 -41.33333 -42.81003 -41.14001 curveto closepath fill
 0.6 0.6 0.6 setrgbcolor
newpath -42.81003 -41.14001 moveto
-43.00334 -40.9467 -43.00334 -40.63329 -42.81003 -40.43997 curveto
-42.61671 -40.24666 -42.3033 -40.24666 -42.10999 -40.43997 curveto
-41.91667 -40.63329 -41.91667 -40.9467 -42.10999 -41.14001 curveto
-42.3033 -41.33333 -42.61671 -41.33333 -42.81003 -41.14001 curveto closepath stroke
-1 THsetalpha
 0 0 0 0 setcmykcolor
newpath -31.71002 -39.97002 moveto
-31.90334 -39.7767 -31.90334 -39.46329 -31.71002 -39.26997 curveto
-31.51671 -39.07666 -31.2033 -39.07666 -31.00998 -39.26997 curveto
-30.81667 -39.46329 -30.81667 -39.7767 -31.00998 -39.97002 curveto
-31.2033 -40.16333 -31.51671 -40.16333 -31.71002 -39.97002 curveto closepath fill
 0.6 0.6 0.6 setrgbcolor
newpath -31.71002 -39.97002 moveto
-31.90334 -39.7767 -31.90334 -39.46329 -31.71002 -39.26997 curveto
-31.51671 -39.07666 -31.2033 -39.07666 -31.00998 -39.26997 curveto
-30.81667 -39.46329 -30.81667 -39.7767 -31.00998 -39.97002 curveto
-31.2033 -40.16333 -31.51671 -40.16333 -31.71002 -39.97002 curveto closepath stroke
-1 THsetalpha
 0 0 0 0 setcmykcolor
newpath -19.36002 -22.21002 moveto
-19.55333 -22.01671 -19.55333 -21.7033 -19.36002 -21.50998 curveto
-19.1667 -21.31667 -18.85329 -21.31667 -18.65997 -21.50998 curveto
-18.46666 -21.7033 -18.46666 -22.01671 -18.65997 -22.21002 curveto
-18.85329 -22.40334 -19.1667 -22.40334 -19.36002 -22.21002 curveto closepath fill
 0.6 0.6 0.6 setrgbcolor
newpath -19.36002 -22.21002 moveto
-19.55333 -22.01671 -19.55333 -21.7033 -19.36002 -21.50998 curveto
-19.1667 -21.31667 -18.85329 -21.31667 -18.65997 -21.50998 curveto
-18.46666 -21.7033 -18.46666 -22.01671 -18.65997 -22.21002 curveto
-18.85329 -22.40334 -19.1667 -22.40334 -19.36002 -22.21002 curveto closepath stroke
-1 THsetalpha
 0 0 0 0 setcmykcolor
newpath -7.37003 -11.02002 moveto
-7.56334 -10.8267 -7.56334 -10.51329 -7.37003 -10.31998 curveto
-7.17671 -10.12666 -6.8633 -10.12666 -6.66998 -10.31998 curveto
-6.47667 -10.51329 -6.47667 -10.8267 -6.66998 -11.02002 curveto
-6.8633 -11.21333 -7.17671 -11.21333 -7.37003 -11.02002 curveto closepath fill
 0.6 0.6 0.6 setrgbcolor
newpath -7.37003 -11.02002 moveto
-7.56334 -10.8267 -7.56334 -10.51329 -7.37003 -10.31998 curveto
-7.17671 -10.12666 -6.8633 -10.12666 -6.66998 -10.31998 curveto
-6.47667 -10.51329 -6.47667 -10.8267 -6.66998 -11.02002 curveto
-6.8633 -11.21333 -7.17671 -11.21333 -7.37003 -11.02002 curveto closepath stroke
-1 THsetalpha
 0 0 0 0 setcmykcolor
newpath 2.50998 -0.01003 moveto
2.31667 0.18329 2.31667 0.4967 2.50998 0.69002 curveto
2.7033 0.88333 3.01671 0.88333 3.21002 0.69002 curveto
3.40334 0.4967 3.40334 0.18329 3.21002 -0.01003 curveto
3.01671 -0.20334 2.7033 -0.20334 2.50998 -0.01003 curveto closepath fill
 0.6 0.6 0.6 setrgbcolor
newpath 2.50998 -0.01003 moveto
2.31667 0.18329 2.31667 0.4967 2.50998 0.69002 curveto
2.7033 0.88333 3.01671 0.88333 3.21002 0.69002 curveto
3.40334 0.4967 3.40334 0.18329 3.21002 -0.01003 curveto
3.01671 -0.20334 2.7033 -0.20334 2.50998 -0.01003 curveto closepath stroke
-1 THsetalpha
 0 0 0 0 setcmykcolor
newpath 15.87997 18.19998 moveto
15.68666 18.3933 15.68666 18.70671 15.87997 18.90002 curveto
16.07329 19.09334 16.3867 19.09334 16.58002 18.90002 curveto
16.77333 18.70671 16.77333 18.3933 16.58002 18.19998 curveto
16.3867 18.00667 16.07329 18.00667 15.87997 18.19998 curveto closepath fill
 0.6 0.6 0.6 setrgbcolor
newpath 15.87997 18.19998 moveto
15.68666 18.3933 15.68666 18.70671 15.87997 18.90002 curveto
16.07329 19.09334 16.3867 19.09334 16.58002 18.90002 curveto
16.77333 18.70671 16.77333 18.3933 16.58002 18.19998 curveto
16.3867 18.00667 16.07329 18.00667 15.87997 18.19998 curveto closepath stroke
-1 THsetalpha
 0 0 0 0 setcmykcolor
newpath 39.33998 39.76997 moveto
39.14667 39.96329 39.14667 40.2767 39.33998 40.47002 curveto
39.5333 40.66333 39.84671 40.66333 40.04002 40.47002 curveto
40.23334 40.2767 40.23334 39.96329 40.04002 39.76997 curveto
39.84671 39.57666 39.5333 39.57666 39.33998 39.76997 curveto closepath fill
 0.6 0.6 0.6 setrgbcolor
newpath 39.33998 39.76997 moveto
39.14667 39.96329 39.14667 40.2767 39.33998 40.47002 curveto
39.5333 40.66333 39.84671 40.66333 40.04002 40.47002 curveto
40.23334 40.2767 40.23334 39.96329 40.04002 39.76997 curveto
39.84671 39.57666 39.5333 39.57666 39.33998 39.76997 curveto closepath stroke
-1 THsetalpha
 0 0 0 0 setcmykcolor
newpath 49.07997 57.12997 moveto
48.88666 57.32329 48.88666 57.6367 49.07997 57.83002 curveto
49.27328 58.02333 49.5867 58.02333 49.78001 57.83002 curveto
49.97333 57.6367 49.97333 57.32329 49.78001 57.12997 curveto
49.5867 56.93666 49.27328 56.93666 49.07997 57.12997 curveto closepath fill
 0.6 0.6 0.6 setrgbcolor
newpath 49.07997 57.12997 moveto
48.88666 57.32329 48.88666 57.6367 49.07997 57.83002 curveto
49.27328 58.02333 49.5867 58.02333 49.78001 57.83002 curveto
49.97333 57.6367 49.97333 57.32329 49.78001 57.12997 curveto
49.5867 56.93666 49.27328 56.93666 49.07997 57.12997 curveto closepath stroke
-1 THsetalpha
 0 0 0 0 setcmykcolor
newpath 62.99998 78.97998 moveto
62.80667 79.1733 62.80667 79.48671 62.99998 79.68002 curveto
63.1933 79.87334 63.50671 79.87334 63.70003 79.68002 curveto
63.89334 79.48671 63.89334 79.1733 63.70003 78.97998 curveto
63.50671 78.78667 63.1933 78.78667 62.99998 78.97998 curveto closepath fill
 0.6 0.6 0.6 setrgbcolor
newpath 62.99998 78.97998 moveto
62.80667 79.1733 62.80667 79.48671 62.99998 79.68002 curveto
63.1933 79.87334 63.50671 79.87334 63.70003 79.68002 curveto
63.89334 79.48671 63.89334 79.1733 63.70003 78.97998 curveto
63.50671 78.78667 63.1933 78.78667 62.99998 78.97998 curveto closepath stroke
-1 THsetalpha
 0 0 0 0 setcmykcolor
newpath 79.59998 90.90997 moveto
79.40666 91.10329 79.40666 91.4167 79.59998 91.61002 curveto
79.79329 91.80333 80.1067 91.80333 80.30002 91.61002 curveto
80.49333 91.4167 80.49333 91.10329 80.30002 90.90997 curveto
80.1067 90.71666 79.79329 90.71666 79.59998 90.90997 curveto closepath fill
 0.6 0.6 0.6 setrgbcolor
newpath 79.59998 90.90997 moveto
79.40666 91.10329 79.40666 91.4167 79.59998 91.61002 curveto
79.79329 91.80333 80.1067 91.80333 80.30002 91.61002 curveto
80.49333 91.4167 80.49333 91.10329 80.30002 90.90997 curveto
80.1067 90.71666 79.79329 90.71666 79.59998 90.90997 curveto closepath stroke
showpage
%%EOF
