%!PS
%%BoundingBox: -35 -114 32 124 
%%HiResBoundingBox: -34.93504 -113.71751 31.97 123.04497 
%%Creator: MetaPost 2.01
%%CreationDate: 2023.02.28:1206
%%Pages: 1
%%BeginProlog
%%EndProlog
%%Page: 1 1
 0 0 0 1 setcmykcolor 0 0.35 dtransform truncate idtransform setlinewidth pop
 [] 0 setdash 1 setlinecap 1 setlinejoin 10 setmiterlimit
newpath 7.35294 61.04398 moveto
7.35294 62.36008 9.32706 62.36008 9.32706 61.04398 curveto
9.32706 60.12524 8.34 59.49521 8.34 58.57648 curveto stroke
 0 0.84 dtransform truncate idtransform setlinewidth pop
newpath 8.34 57.09604 moveto 0 0 rlineto stroke
 0.35 0 dtransform exch truncate exch idtransform pop setlinewidth
newpath -34.76004 117.27005 moveto
-34.76004 122.86996 lineto stroke
newpath -33.35995 117.27005 moveto
-33.35995 122.86996 lineto stroke
 0 0.35 dtransform truncate idtransform setlinewidth pop
newpath 6.86996 116.00998 moveto
6.86996 116.94337 8.27005 116.94337 8.27005 116.00998 curveto
8.27005 115.3584 7.57 114.91156 7.57 114.25998 curveto stroke
 0 0.84 dtransform truncate idtransform setlinewidth pop
newpath 7.57 113.21002 moveto 0 0 rlineto stroke
 1 0.85715 0 0.3 setcmykcolor 0 0.35
 dtransform truncate idtransform setlinewidth pop
newpath -17.0637 58.84349 moveto
-17.28835 59.37788 -18.26767 59.18257 -18.38055 59.80858 curveto
-18.52701 60.62086 -16.68129 60.58281 -17.04521 61.50897 curveto
-17.44016 62.51405 -18.75333 61.08505 -19.25893 61.71736 curveto
-19.82626 62.4269 -18.523 62.90048 -18.44626 63.5776 curveto
-18.3528 64.40218 -19.48756 64.60965 -19.77629 65.29652 curveto stroke
newpath -17.95804 63.59438 moveto
-17.88255 63.81308 -17.835 64.02715 -17.88968 64.21745 curveto
-18.1189 65.01501 -19.24667 64.77243 -19.77629 65.29652 curveto
-19.7724 64.55145 -18.80342 63.92549 -19.20532 63.19946 curveto
-19.30121 63.02623 -19.4862 62.9085 -19.69423 62.80722 curveto
 closepath stroke
newpath -17.95804 63.59438 moveto
-17.88255 63.81308 -17.835 64.02715 -17.88968 64.21745 curveto
-18.1189 65.01501 -19.24667 64.77243 -19.77629 65.29652 curveto
-19.7724 64.55145 -18.80342 63.92549 -19.20532 63.19946 curveto
-19.30121 63.02623 -19.4862 62.9085 -19.69423 62.80722 curveto
 closepath fill
 0 0 0 1 setcmykcolor
newpath -4.95517 -4.12886 moveto
-4.2493 -3.59438 lineto
-3.36392 -3.59026 lineto
-4.6533 -2.40085 lineto
 closepath fill
 1 1 1 setrgbcolor
newpath -4.95517 -4.12886 moveto
-4.2493 -3.59438 lineto
-3.36392 -3.59026 lineto
-2.55597 -5.9772 lineto
-4.14722 -6.51581 lineto
 closepath fill
 0 0 0 1 setcmykcolor 0 0.24501 dtransform truncate idtransform setlinewidth pop
newpath -3.3516 -6.2465 moveto
-4.31664 -3.39548 lineto stroke
 0 0.7 dtransform truncate idtransform setlinewidth pop
newpath -32.55 115.76 moveto
-32.55 115.76 -31.67 112.77 -29.64 110.66 curveto
-27.61 108.54 -25.59 106.72 -25.46 106.49 curveto
-25.32 106.26 -22.59 101.93 -23.16 101.2 curveto
-23.73 100.47 -24.68 98.87 -24.53 98.11 curveto
-24.39 97.34 -23.66 95.85 -23.85 95.07 curveto
-24.05 94.3 -25.66 86.03 -25.85 84.72 curveto
-26.04 83.41 -26.58 82.24 -26.11 80.28 curveto
-25.64 78.32 -24.76 74.55 -24.04 72.43 curveto
-23.32 70.3 -21.85 62.21 -21.36 61.85 curveto
-20.87 61.48 -18 55.42 -18.54 53.32 curveto
-19.07 51.23 -18.54 47.41 -18.59 47.04 curveto
-18.63 46.66 -16.62 40.09 -15.18 38.12 curveto
-13.75 36.16 -11.01 36.23 -10.58 34.91 curveto
-10.14 33.59 -9.47 31.28 -9.48 30.08 curveto
-9.5 28.87 -8.49 26.38 -8.05 24.48 curveto
-7.62 22.58 -7.3 21.19 -7.51 20.56 curveto
-7.72 19.94 -8.54 16.9 -8.67 16.4 curveto
-8.79 15.9 -9.83 14.85 -10.02 14.12 curveto
-10.2 13.39 -10.92 12.07 -10.57 10.96 curveto
-10.22 9.85 -9.9 6.13 -9.62 4.95 curveto
-9.34 3.76 -9.67 -0.04 -9.07 -0.77 curveto
-8.48 -1.5 -6.59 -6.25 -7.13 -7.62 curveto
-7.67 -8.98 -5.22 -15.32 -4.21 -16.89 curveto
-3.21 -18.45 -3.09 -20.08 -2.74 -21.19 curveto
-2.4 -22.29 -2.33 -23.57 -2.45 -24.99 curveto
-2.58 -26.42 -3.88 -28.12 -4.27 -28.89 curveto
-4.66 -29.66 -5.06 -29.52 -4.15 -31.25 curveto
-3.23 -32.99 -2.6 -33.73 -2.71 -34.38 curveto
-2.83 -35.03 -3.24 -36.09 -3.38 -36.44 curveto
-3.52 -36.8 -4.11 -40.87 -3.82 -40.89 curveto
-3.54 -40.92 -3.06 -41.52 -3.52 -42.57 curveto
-3.97 -43.62 -4.87 -44.31 -5.45 -45.28 curveto
-6.03 -46.25 -7.51 -48.11 -7.51 -48.11 curveto stroke
newpath -3.85 -49.72 moveto
-3.8 -49.49 -0.27 -41.41 0.76 -41.33 curveto
1.8 -41.26 2.6 -41.9 2.77 -41.99 curveto
2.94 -42.08 4.55 -43.22 4.73 -43.46 curveto
4.91 -43.7 5.73 -46.63 5.76 -46.88 curveto
5.8 -47.13 6.67 -47.88 5.71 -49.04 curveto
4.74 -50.2 3.75 -51.6 3.35 -52.03 curveto
2.95 -52.46 1.57 -54.82 1.53 -55.15 curveto
1.5 -55.48 0.14 -56.25 -0.17 -56.17 curveto
-0.49 -56.09 -3.59 -55.21 -3.59 -55.21 curveto stroke
newpath -5.99 -58.43 moveto
-5.99 -58.43 -1.79 -60.66 -1.77 -61.15 curveto
-1.74 -61.64 -1.34 -62.71 -1.34 -62.71 curveto
-1.34 -62.71 0.48 -62.74 1.03 -62.87 curveto
1.57 -63.01 3.24 -62.08 3.5 -63.21 curveto
3.76 -64.34 4.39 -67.13 4.39 -67.13 curveto
4.39 -67.13 5.22 -66.71 5.41 -66.76 curveto
5.59 -66.81 6.84 -68.87 7.25 -69.56 curveto
7.66 -70.25 8.31 -71.73 8.31 -71.73 curveto
8.31 -71.73 11.33 -78.16 11.33 -78.74 curveto
11.33 -79.32 11.76 -79.33 10.43 -79.86 curveto
9.1 -80.4 2.71 -80.95 2.73 -81.59 curveto
2.76 -82.22 3.58 -83.97 3.58 -83.97 curveto
3.58 -83.97 2.87 -84.52 2.49 -84.52 curveto
2.12 -84.52 -2.06 -83.61 -2.06 -83.61 curveto stroke
newpath -4.52 -85.94 moveto
-4.52 -85.94 -0.42 -87.75 0.03 -87.86 curveto
0.47 -87.97 2.43 -88.61 2.69 -89.07 curveto
2.95 -89.52 3.25 -89.78 2.7 -90.86 curveto
2.16 -91.93 1.14 -93.07 1.14 -93.07 curveto
1.14 -93.07 -1.99 -96.2 -2.18 -96.49 curveto
-2.38 -96.78 -4.59 -100.09 -3.72 -100.07 curveto
-2.84 -100.04 -0.62 -99.15 -0.62 -99.15 curveto
3.03 -98.13 lineto
3.03 -98.13 4.09 -98.06 4.56 -98.89 curveto
5.02 -99.72 8.06 -102.96 7.85 -103.43 curveto stroke
newpath 25.96 -106.94 moveto
25.63 -106.61 23.48 -105.2 21.45 -103.77 curveto
19.93 -102.68 18.2 -101.85 18.27 -101.27 curveto
18.45 -99.93 19.82 -92.28 20.05 -92.1 curveto
20.29 -91.92 22.56 -89.19 22.56 -89.19 curveto
22.56 -89.19 25.02 -89.92 25.33 -90.25 curveto
25.64 -90.59 30.3 -95.34 30.3 -95.34 curveto stroke
newpath 31.62 -89.53 moveto
31.62 -89.53 28.66 -87.94 29.22 -86.41 curveto
29.79 -84.89 30.62 -84.67 29.95 -84.05 curveto
29.27 -83.43 20.76 -77.08 20.76 -77.08 curveto
20.76 -77.08 18.22 -75.36 18.18 -75.16 curveto
18.13 -74.95 14.18 -65.17 13.98 -64.78 curveto
13.79 -64.39 13.57 -64.28 11.46 -63.16 curveto
9.34 -62.03 7.23 -58.97 7.29 -58.74 curveto
7.35 -58.51 6.95 -58.56 7.77 -58.04 curveto
8.58 -57.52 9.67 -55.19 10.17 -55.31 curveto
10.68 -55.44 12.13 -55.86 12.13 -55.86 curveto
12.13 -55.86 12.77 -55.06 12.83 -54.83 curveto
12.89 -54.6 16.09 -47.23 16.22 -46.72 curveto
16.35 -46.22 15.12 -42.8 15.05 -42.5 curveto
14.98 -42.19 12.99 -38.97 13.01 -36.99 curveto
13.04 -35 11.97 -26.64 11.79 -26.01 curveto
11.61 -25.38 6.01 -21.86 5.09 -21.48 curveto
4.17 -21.1 3.95 -18.53 3.36 -17.79 curveto
2.77 -17.06 0.72 -12.95 0.58 -12.53 curveto
0.45 -12.11 0.41 -8.27 0.41 -8.27 curveto
0.41 -8.27 -2.84 2.59 -2.67 3.86 curveto
-2.49 5.12 -5.31 11.27 -5.44 11.5 curveto
-5.58 11.73 -2.19 13.24 -1.24 13.53 curveto
-0.29 13.83 -1.73 14.1 0 13.85 curveto
1.74 13.6 3.18 14.3 3.72 14.35 curveto
4.27 14.41 2.08 21.99 1.97 22.89 curveto
1.86 23.79 1.36 29.44 1.1 29.56 curveto
0.84 29.67 -0.6 28.98 -1.05 28.94 curveto
-1.49 28.91 -2.4 28.42 -2.2 29.77 curveto
-2 31.12 -1.98 33.64 -1.83 34.23 curveto
-1.68 34.82 -1.66 37.73 -1.6 37.96 curveto
-1.55 38.18 -0.92 40.45 -0.92 40.45 curveto stroke
newpath -4.08 53.38 moveto
-3.08 53.72 -2.1 54.07 -1.85 54.11 curveto
-1.39 54.19 0.22 54.6 0.22 54.6 curveto
2.56 55.6 lineto stroke
newpath -3.34 42.76 moveto
-3.46 42.26 -4.71 39.47 -4.71 39.47 curveto
-5.47 39.33 lineto
-5.47 39.33 -7.81 40.41 -7.98 41.47 curveto
-8.15 42.53 -8.93 45.16 -8.93 45.16 curveto
-9.58 51.19 lineto
-9.58 51.19 -7.16 52.51 -6.23 52.71 curveto
-5.81 52.8 -4.94 53.09 -4.08 53.38 curveto stroke
newpath 3.25 59.64 moveto
3.25 59.64 -1.55 57.96 -3.47 57.28 curveto
-5.38 56.61 -8.34 56.64 -8.52 56.68 curveto
-8.7 56.73 -11.61 56.55 -11.84 57.34 curveto
-12.08 58.12 -14.47 66.82 -14.42 67.01 curveto
-14.37 67.19 -14.44 72.4 -14.37 72.67 curveto
-14.3 72.94 -13.92 74.25 -14.19 74.71 curveto
-14.46 75.17 -17.09 80.26 -17.26 80.93 curveto
-17.43 81.61 -19.12 87.37 -18.94 88.05 curveto
-18.77 88.74 -18.87 89.88 -18.15 90.03 curveto
-17.43 90.19 -13.86 90.68 -14.34 92.26 curveto
-14.81 93.83 -19.2 99.07 -19.08 100.11 curveto
-18.96 101.15 -20.1 103.33 -19.03 103.69 curveto
-17.97 104.05 -11.5 107.55 -11.5 107.55 curveto
-6 108.38 lineto
2.68 109.51 lineto stroke
newpath 1.26 113.85 moveto
-3.66 112.63 lineto
-8.97 111.61 lineto
-14.34 109.73 lineto
-14.34 109.73 -18.41 108.43 -18.64 108.49 curveto
-18.87 108.55 -21.26 109.06 -21.26 109.06 curveto
-24.58 113.01 lineto
-24.58 113.01 -25.57 114.42 -25.87 114.79 curveto
-26.16 115.15 -27.97 117.6 -27.97 117.6 curveto stroke
 [6 6 ] 0 setdash
newpath -3.59 -55.21 moveto
-3.59 -55.21 -5.59 -52.02 -3.85 -49.72 curveto stroke
newpath -7.51 -48.11 moveto
-7.51 -48.11 -8 -49.14 -8.32 -50.26 curveto
-8.94 -52.44 -9.55 -55.52 -9.15 -56.05 curveto
-8.53 -56.86 -5.96 -58.44 -5.96 -58.44 curveto stroke
newpath -28.56908 115.01837 moveto
-29.19916 114.39632 lineto
-30.07643 114.27667 lineto
-28.64282 113.26572 lineto
 closepath fill
 1 1 1 setrgbcolor
newpath -28.56908 115.01837 moveto
-29.19916 114.39632 lineto
-30.07643 114.27667 lineto
-31.18904 116.53777 lineto
-29.68169 117.27946 lineto
 closepath fill
 0 0 0 1 setcmykcolor 0 0.24501 dtransform truncate idtransform setlinewidth pop
 [] 0 setdash
newpath -30.43536 116.90862 moveto
-29.10643 114.2079 lineto stroke
newpath -13.51602 43.95587 moveto
-12.67412 44.22993 lineto
-11.83615 43.94412 lineto
-12.66531 45.48996 lineto
 closepath fill
 1 1 1 setrgbcolor
newpath -13.51602 43.95587 moveto
-12.67412 44.22993 lineto
-11.83615 43.94412 lineto
-11.85376 41.4242 lineto
-13.53363 41.43594 lineto
 closepath fill
 0 0 0 1 setcmykcolor 0.24501
 0 dtransform exch truncate exch idtransform pop setlinewidth
newpath -12.6937 41.43007 moveto
-12.67265 44.43993 lineto stroke
newpath -20.80963 75.2835 moveto
-20.0759 75.77902 lineto
-19.19159 75.73528 lineto
-20.41475 76.99268 lineto
 closepath fill
 1 1 1 setrgbcolor
newpath -20.80963 75.2835 moveto
-20.0759 75.77902 lineto
-19.19159 75.73528 lineto
-18.5139 73.30809 lineto
-20.13194 72.85631 lineto
 closepath fill
 0 0 0 1 setcmykcolor 0 0.24501 dtransform truncate idtransform setlinewidth pop
newpath -19.32292 73.0822 moveto
-20.13235 75.98128 lineto stroke
newpath -2.0381 -15.89998 moveto
-1.22758 -15.54362 lineto
-0.36534 -15.7448 lineto
-1.344 -14.28896 lineto
 closepath fill
 1 1 1 setrgbcolor
newpath -2.0381 -15.89998 moveto
-1.22758 -15.54362 lineto
-0.36534 -15.7448 lineto
-0.13255 -18.25403 lineto
-1.80531 -18.40921 lineto
 closepath fill
 0 0 0 1 setcmykcolor
newpath -0.96893 -18.33162 moveto
-1.24698 -15.33453 lineto stroke
newpath -8.0081 8.62003 moveto
-7.19759 8.97638 lineto
-6.33534 8.7752 lineto
-7.314 10.23105 lineto
 closepath fill
 1 1 1 setrgbcolor
newpath -8.0081 8.62003 moveto
-7.19759 8.97638 lineto
-6.33534 8.7752 lineto
-6.10255 6.26598 lineto
-7.77531 6.1108 lineto
 closepath fill
 0 0 0 1 setcmykcolor
newpath -6.93893 6.18839 moveto
-7.21698 9.18547 lineto stroke
-1 THsetalpha
 0 0 0 0 setcmykcolor
newpath -31.49002 117.46999 moveto
-31.68333 117.6633 -31.68333 117.97672 -31.49002 118.17003 curveto
-31.2967 118.36334 -30.98329 118.36334 -30.78998 118.17003 curveto
-30.59666 117.97672 -30.59666 117.6633 -30.78998 117.46999 curveto
-30.98329 117.27667 -31.2967 117.27667 -31.49002 117.46999 curveto closepath fill
 0.6 0.6 0.6 setrgbcolor
newpath -31.49002 117.46999 moveto
-31.68333 117.6633 -31.68333 117.97672 -31.49002 118.17003 curveto
-31.2967 118.36334 -30.98329 118.36334 -30.78998 118.17003 curveto
-30.59666 117.97672 -30.59666 117.6633 -30.78998 117.46999 curveto
-30.98329 117.27667 -31.2967 117.27667 -31.49002 117.46999 curveto closepath stroke
-1 THsetalpha
 0 0 0 0 setcmykcolor
newpath -26.96002 110.10999 moveto
-27.15334 110.3033 -27.15334 110.61671 -26.96002 110.81003 curveto
-26.76671 111.00334 -26.4533 111.00334 -26.25998 110.81003 curveto
-26.06667 110.61671 -26.06667 110.3033 -26.25998 110.10999 curveto
-26.4533 109.91667 -26.76671 109.91667 -26.96002 110.10999 curveto closepath fill
 0.6 0.6 0.6 setrgbcolor
newpath -26.96002 110.10999 moveto
-27.15334 110.3033 -27.15334 110.61671 -26.96002 110.81003 curveto
-26.76671 111.00334 -26.4533 111.00334 -26.25998 110.81003 curveto
-26.06667 110.61671 -26.06667 110.3033 -26.25998 110.10999 curveto
-26.4533 109.91667 -26.76671 109.91667 -26.96002 110.10999 curveto closepath stroke
-1 THsetalpha
 0 0 0 0 setcmykcolor
newpath -23.60002 109.60999 moveto
-23.79333 109.8033 -23.79333 110.11671 -23.60002 110.31003 curveto
-23.40671 110.50334 -23.09329 110.50334 -22.89998 110.31003 curveto
-22.70667 110.11671 -22.70667 109.8033 -22.89998 109.60999 curveto
-23.09329 109.41667 -23.40671 109.41667 -23.60002 109.60999 curveto closepath fill
 0.6 0.6 0.6 setrgbcolor
newpath -23.60002 109.60999 moveto
-23.79333 109.8033 -23.79333 110.11671 -23.60002 110.31003 curveto
-23.40671 110.50334 -23.09329 110.50334 -22.89998 110.31003 curveto
-22.70667 110.11671 -22.70667 109.8033 -22.89998 109.60999 curveto
-23.09329 109.41667 -23.40671 109.41667 -23.60002 109.60999 curveto closepath stroke
-1 THsetalpha
 0 0 0 0 setcmykcolor
newpath -20.60002 105.54997 moveto
-20.79333 105.74329 -20.79333 106.0567 -20.60002 106.25002 curveto
-20.40671 106.44333 -20.09329 106.44333 -19.89998 106.25002 curveto
-19.70667 106.0567 -19.70667 105.74329 -19.89998 105.54997 curveto
-20.09329 105.35666 -20.40671 105.35666 -20.60002 105.54997 curveto closepath fill
 0.6 0.6 0.6 setrgbcolor
newpath -20.60002 105.54997 moveto
-20.79333 105.74329 -20.79333 106.0567 -20.60002 106.25002 curveto
-20.40671 106.44333 -20.09329 106.44333 -19.89998 106.25002 curveto
-19.70667 106.0567 -19.70667 105.74329 -19.89998 105.54997 curveto
-20.09329 105.35666 -20.40671 105.35666 -20.60002 105.54997 curveto closepath stroke
-1 THsetalpha
 0 0 0 0 setcmykcolor
newpath -21.99002 102.19998 moveto
-22.18333 102.3933 -22.18333 102.70671 -21.99002 102.90002 curveto
-21.7967 103.09334 -21.48329 103.09334 -21.28998 102.90002 curveto
-21.09666 102.70671 -21.09666 102.3933 -21.28998 102.19998 curveto
-21.48329 102.00667 -21.7967 102.00667 -21.99002 102.19998 curveto closepath fill
 0.6 0.6 0.6 setrgbcolor
newpath -21.99002 102.19998 moveto
-22.18333 102.3933 -22.18333 102.70671 -21.99002 102.90002 curveto
-21.7967 103.09334 -21.48329 103.09334 -21.28998 102.90002 curveto
-21.09666 102.70671 -21.09666 102.3933 -21.28998 102.19998 curveto
-21.48329 102.00667 -21.7967 102.00667 -21.99002 102.19998 curveto closepath stroke
-1 THsetalpha
 0 0 0 0 setcmykcolor
newpath -19.94002 95.55998 moveto
-20.13333 95.7533 -20.13333 96.06671 -19.94002 96.26003 curveto
-19.7467 96.45334 -19.43329 96.45334 -19.23997 96.26003 curveto
-19.04666 96.06671 -19.04666 95.7533 -19.23997 95.55998 curveto
-19.43329 95.36667 -19.7467 95.36667 -19.94002 95.55998 curveto closepath fill
 0.6 0.6 0.6 setrgbcolor
newpath -19.94002 95.55998 moveto
-20.13333 95.7533 -20.13333 96.06671 -19.94002 96.26003 curveto
-19.7467 96.45334 -19.43329 96.45334 -19.23997 96.26003 curveto
-19.04666 96.06671 -19.04666 95.7533 -19.23997 95.55998 curveto
-19.43329 95.36667 -19.7467 95.36667 -19.94002 95.55998 curveto closepath stroke
-1 THsetalpha
 0 0 0 0 setcmykcolor
newpath -23.79002 80.87997 moveto
-23.98334 81.07329 -23.98334 81.3867 -23.79002 81.58002 curveto
-23.59671 81.77333 -23.2833 81.77333 -23.08998 81.58002 curveto
-22.89667 81.3867 -22.89667 81.07329 -23.08998 80.87997 curveto
-23.2833 80.68666 -23.59671 80.68666 -23.79002 80.87997 curveto closepath fill
 0.6 0.6 0.6 setrgbcolor
newpath -23.79002 80.87997 moveto
-23.98334 81.07329 -23.98334 81.3867 -23.79002 81.58002 curveto
-23.59671 81.77333 -23.2833 81.77333 -23.08998 81.58002 curveto
-22.89667 81.3867 -22.89667 81.07329 -23.08998 80.87997 curveto
-23.2833 80.68666 -23.59671 80.68666 -23.79002 80.87997 curveto closepath stroke
-1 THsetalpha
 0 0 0 0 setcmykcolor
newpath -18.33002 64.39998 moveto
-18.52333 64.59329 -18.52333 64.90671 -18.33002 65.10002 curveto
-18.1367 65.29333 -17.82329 65.29333 -17.62997 65.10002 curveto
-17.43666 64.90671 -17.43666 64.59329 -17.62997 64.39998 curveto
-17.82329 64.20667 -18.1367 64.20667 -18.33002 64.39998 curveto closepath fill
 0.6 0.6 0.6 setrgbcolor
newpath -18.33002 64.39998 moveto
-18.52333 64.59329 -18.52333 64.90671 -18.33002 65.10002 curveto
-18.1367 65.29333 -17.82329 65.29333 -17.62997 65.10002 curveto
-17.43666 64.90671 -17.43666 64.59329 -17.62997 64.39998 curveto
-17.82329 64.20667 -18.1367 64.20667 -18.33002 64.39998 curveto closepath stroke
-1 THsetalpha
 0 0 0 0 setcmykcolor
newpath -15.28001 50.63998 moveto
-15.47333 50.8333 -15.47333 51.14671 -15.28001 51.34003 curveto
-15.0867 51.53334 -14.77328 51.53334 -14.57997 51.34003 curveto
-14.38666 51.14671 -14.38666 50.8333 -14.57997 50.63998 curveto
-14.77328 50.44667 -15.0867 50.44667 -15.28001 50.63998 curveto closepath fill
 0.6 0.6 0.6 setrgbcolor
newpath -15.28001 50.63998 moveto
-15.47333 50.8333 -15.47333 51.14671 -15.28001 51.34003 curveto
-15.0867 51.53334 -14.77328 51.53334 -14.57997 51.34003 curveto
-14.38666 51.14671 -14.38666 50.8333 -14.57997 50.63998 curveto
-14.77328 50.44667 -15.0867 50.44667 -15.28001 50.63998 curveto closepath stroke
-1 THsetalpha
 0 0 0 0 setcmykcolor
newpath -4.85002 27.20998 moveto
-5.04333 27.40329 -5.04333 27.7167 -4.85002 27.91002 curveto
-4.65671 28.10333 -4.34329 28.10333 -4.14998 27.91002 curveto
-3.95667 27.7167 -3.95667 27.40329 -4.14998 27.20998 curveto
-4.34329 27.01666 -4.65671 27.01666 -4.85002 27.20998 curveto closepath fill
 0.6 0.6 0.6 setrgbcolor
newpath -4.85002 27.20998 moveto
-5.04333 27.40329 -5.04333 27.7167 -4.85002 27.91002 curveto
-4.65671 28.10333 -4.34329 28.10333 -4.14998 27.91002 curveto
-3.95667 27.7167 -3.95667 27.40329 -4.14998 27.20998 curveto
-4.34329 27.01666 -4.65671 27.01666 -4.85002 27.20998 curveto closepath stroke
-1 THsetalpha
 0 0 0 0 setcmykcolor
newpath -8.50002 17.59998 moveto
-8.69333 17.79329 -8.69333 18.1067 -8.50002 18.30002 curveto
-8.3067 18.49333 -7.99329 18.49333 -7.79997 18.30002 curveto
-7.60666 18.1067 -7.60666 17.79329 -7.79997 17.59998 curveto
-7.99329 17.40666 -8.3067 17.40666 -8.50002 17.59998 curveto closepath fill
 0.6 0.6 0.6 setrgbcolor
newpath -8.50002 17.59998 moveto
-8.69333 17.79329 -8.69333 18.1067 -8.50002 18.30002 curveto
-8.3067 18.49333 -7.99329 18.49333 -7.79997 18.30002 curveto
-7.60666 18.1067 -7.60666 17.79329 -7.79997 17.59998 curveto
-7.99329 17.40666 -8.3067 17.40666 -8.50002 17.59998 curveto closepath stroke
-1 THsetalpha
 0 0 0 0 setcmykcolor
newpath 0.31998 -23.90002 moveto
0.12666 -23.70671 0.12666 -23.3933 0.31998 -23.19998 curveto
0.51329 -23.00667 0.8267 -23.00667 1.02002 -23.19998 curveto
1.21333 -23.3933 1.21333 -23.70671 1.02002 -23.90002 curveto
0.8267 -24.09334 0.51329 -24.09334 0.31998 -23.90002 curveto closepath fill
 0.6 0.6 0.6 setrgbcolor
newpath 0.31998 -23.90002 moveto
0.12666 -23.70671 0.12666 -23.3933 0.31998 -23.19998 curveto
0.51329 -23.00667 0.8267 -23.00667 1.02002 -23.19998 curveto
1.21333 -23.3933 1.21333 -23.70671 1.02002 -23.90002 curveto
0.8267 -24.09334 0.51329 -24.09334 0.31998 -23.90002 curveto closepath stroke
-1 THsetalpha
 0 0 0 0 setcmykcolor
newpath -2.80002 -29.20003 moveto
-2.99333 -29.00671 -2.99333 -28.6933 -2.80002 -28.49998 curveto
-2.6067 -28.30667 -2.29329 -28.30667 -2.09998 -28.49998 curveto
-1.90666 -28.6933 -1.90666 -29.00671 -2.09998 -29.20003 curveto
-2.29329 -29.39334 -2.6067 -29.39334 -2.80002 -29.20003 curveto closepath fill
 0.6 0.6 0.6 setrgbcolor
newpath -2.80002 -29.20003 moveto
-2.99333 -29.00671 -2.99333 -28.6933 -2.80002 -28.49998 curveto
-2.6067 -28.30667 -2.29329 -28.30667 -2.09998 -28.49998 curveto
-1.90666 -28.6933 -1.90666 -29.00671 -2.09998 -29.20003 curveto
-2.29329 -29.39334 -2.6067 -29.39334 -2.80002 -29.20003 curveto closepath stroke
-1 THsetalpha
 0 0 0 0 setcmykcolor
newpath 3.58998 -33.72002 moveto
3.39667 -33.5267 3.39667 -33.21329 3.58998 -33.01997 curveto
3.7833 -32.82666 4.09671 -32.82666 4.29002 -33.01997 curveto
4.48334 -33.21329 4.48334 -33.5267 4.29002 -33.72002 curveto
4.09671 -33.91333 3.7833 -33.91333 3.58998 -33.72002 curveto closepath fill
 0.6 0.6 0.6 setrgbcolor
newpath 3.58998 -33.72002 moveto
3.39667 -33.5267 3.39667 -33.21329 3.58998 -33.01997 curveto
3.7833 -32.82666 4.09671 -32.82666 4.29002 -33.01997 curveto
4.48334 -33.21329 4.48334 -33.5267 4.29002 -33.72002 curveto
4.09671 -33.91333 3.7833 -33.91333 3.58998 -33.72002 curveto closepath stroke
-1 THsetalpha
 0 0 0 0 setcmykcolor
newpath 11.39998 -42.67003 moveto
11.20667 -42.47672 11.20667 -42.1633 11.39998 -41.96999 curveto
11.59329 -41.77667 11.90671 -41.77667 12.10002 -41.96999 curveto
12.29333 -42.1633 12.29333 -42.47672 12.10002 -42.67003 curveto
11.90671 -42.86334 11.59329 -42.86334 11.39998 -42.67003 curveto closepath fill
 0.6 0.6 0.6 setrgbcolor
newpath 11.39998 -42.67003 moveto
11.20667 -42.47672 11.20667 -42.1633 11.39998 -41.96999 curveto
11.59329 -41.77667 11.90671 -41.77667 12.10002 -41.96999 curveto
12.29333 -42.1633 12.29333 -42.47672 12.10002 -42.67003 curveto
11.90671 -42.86334 11.59329 -42.86334 11.39998 -42.67003 curveto closepath stroke
-1 THsetalpha
 0 0 0 0 setcmykcolor
newpath 4.24998 -60.36002 moveto
4.05667 -60.1667 4.05667 -59.85329 4.24998 -59.65997 curveto
4.4433 -59.46666 4.75671 -59.46666 4.95003 -59.65997 curveto
5.14334 -59.85329 5.14334 -60.1667 4.95003 -60.36002 curveto
4.75671 -60.55333 4.4433 -60.55333 4.24998 -60.36002 curveto closepath fill
 0.6 0.6 0.6 setrgbcolor
newpath 4.24998 -60.36002 moveto
4.05667 -60.1667 4.05667 -59.85329 4.24998 -59.65997 curveto
4.4433 -59.46666 4.75671 -59.46666 4.95003 -59.65997 curveto
5.14334 -59.85329 5.14334 -60.1667 4.95003 -60.36002 curveto
4.75671 -60.55333 4.4433 -60.55333 4.24998 -60.36002 curveto closepath stroke
-1 THsetalpha
 0 0 0 0 setcmykcolor
newpath 14.71999 -80.39001 moveto
14.52667 -80.1967 14.52667 -79.88329 14.71999 -79.68997 curveto
14.9133 -79.49666 15.22672 -79.49666 15.42003 -79.68997 curveto
15.61334 -79.88329 15.61334 -80.1967 15.42003 -80.39001 curveto
15.22672 -80.58333 14.9133 -80.58333 14.71999 -80.39001 curveto closepath fill
 0.6 0.6 0.6 setrgbcolor
newpath 14.71999 -80.39001 moveto
14.52667 -80.1967 14.52667 -79.88329 14.71999 -79.68997 curveto
14.9133 -79.49666 15.22672 -79.49666 15.42003 -79.68997 curveto
15.61334 -79.88329 15.61334 -80.1967 15.42003 -80.39001 curveto
15.22672 -80.58333 14.9133 -80.58333 14.71999 -80.39001 curveto closepath stroke
-1 THsetalpha
 0 0 0 0 setcmykcolor
newpath 5.96999 -86.89001 moveto
5.77667 -86.6967 5.77667 -86.38329 5.96999 -86.18997 curveto
6.1633 -85.99666 6.47672 -85.99666 6.67003 -86.18997 curveto
6.86334 -86.38329 6.86334 -86.6967 6.67003 -86.89001 curveto
6.47672 -87.08333 6.1633 -87.08333 5.96999 -86.89001 curveto closepath fill
 0.6 0.6 0.6 setrgbcolor
newpath 5.96999 -86.89001 moveto
5.77667 -86.6967 5.77667 -86.38329 5.96999 -86.18997 curveto
6.1633 -85.99666 6.47672 -85.99666 6.67003 -86.18997 curveto
6.86334 -86.38329 6.86334 -86.6967 6.67003 -86.89001 curveto
6.47672 -87.08333 6.1633 -87.08333 5.96999 -86.89001 curveto closepath stroke
-1 THsetalpha
 0 0 0 0 setcmykcolor
newpath 4.30998 -92.20003 moveto
4.11667 -92.00671 4.11667 -91.6933 4.30998 -91.49998 curveto
4.5033 -91.30667 4.81671 -91.30667 5.01003 -91.49998 curveto
5.20334 -91.6933 5.20334 -92.00671 5.01003 -92.20003 curveto
4.81671 -92.39334 4.5033 -92.39334 4.30998 -92.20003 curveto closepath fill
 0.6 0.6 0.6 setrgbcolor
newpath 4.30998 -92.20003 moveto
4.11667 -92.00671 4.11667 -91.6933 4.30998 -91.49998 curveto
4.5033 -91.30667 4.81671 -91.30667 5.01003 -91.49998 curveto
5.20334 -91.6933 5.20334 -92.00671 5.01003 -92.20003 curveto
4.81671 -92.39334 4.5033 -92.39334 4.30998 -92.20003 curveto closepath stroke
-1 THsetalpha
 0 0 0 0 setcmykcolor
newpath 9.48997 -113.45003 moveto
9.29666 -113.25671 9.29666 -112.9433 9.48997 -112.74998 curveto
9.68329 -112.55667 9.9967 -112.55667 10.19002 -112.74998 curveto
10.38333 -112.9433 10.38333 -113.25671 10.19002 -113.45003 curveto
9.9967 -113.64334 9.68329 -113.64334 9.48997 -113.45003 curveto closepath fill
 0.6 0.6 0.6 setrgbcolor
newpath 9.48997 -113.45003 moveto
9.29666 -113.25671 9.29666 -112.9433 9.48997 -112.74998 curveto
9.68329 -112.55667 9.9967 -112.55667 10.19002 -112.74998 curveto
10.38333 -112.9433 10.38333 -113.25671 10.19002 -113.45003 curveto
9.9967 -113.64334 9.68329 -113.64334 9.48997 -113.45003 curveto closepath stroke
showpage
%%EOF
