%!PS
%%BoundingBox: -18 -78 35 60 
%%HiResBoundingBox: -17.53252 -77.94252 34.0225 59.73251 
%%Creator: MetaPost 2.01
%%CreationDate: 2023.02.28:1206
%%Pages: 1
%%BeginProlog
%%EndProlog
%%Page: 1 1
 0 0.24501 dtransform truncate idtransform setlinewidth pop [] 0 setdash
 1 setlinecap 1 setlinejoin 10 setmiterlimit
newpath -17.41 45.97 moveto
-13.5 45.54 -11.56 41.97 -10.45 39.21 curveto
-9.15 35.98 -7.94 32.72 -5.78 29.86 curveto
-4.16 26.91 -2.79 23.32 -4.01 20.19 curveto
-6.1 18.06 -7.25 14.82 -5.89 12.07 curveto
-5.28 8.78 -5.99 5.42 -5.44 2.12 curveto
-5.21 -3.02 -5.04 -8.18 -4.2 -13.27 curveto
-3.66 -16.57 -5.56 -20.48 -2.97 -23.26 curveto
-0.78 -25.6 2.46 -26.4 5.02 -28.07 curveto
6.88 -30.53 8.15 -33.46 9.18 -36.34 curveto
9.31 -38.5 11.97 -39.34 13.61 -38.16 curveto
15.13 -37.54 16.72 -38.93 15.72 -40.43 curveto
15.15 -42.22 14.03 -43.95 14.11 -45.86 curveto
15.06 -47.19 16.75 -47.68 17.85 -48.85 curveto
17.23 -50.57 16.06 -52.31 16.22 -54.16 curveto
17.34 -57.12 19.31 -59.73 20.08 -62.86 curveto
21.57 -66.3 23.77 -74.36 25.21 -77.82 curveto stroke
newpath 27.03 -77.57 moveto
26.85 -76.81 lineto
26.66 -75.94 lineto
26.39 -74.97 lineto
26.19 -74.29 lineto
26.01 -73.62 lineto
25.8 -72.84 lineto
25.58 -71.91 lineto
25.34 -71.09 lineto
25.11 -70.27 lineto
24.92 -69.5 lineto
24.85 -68.71 lineto
24.93 -67.97 lineto
25.14 -67.26 lineto
25.64 -66.63 lineto
26.33 -66.25 lineto
27.09 -66.22 lineto
27.59 -66.83 lineto
27.79 -67.54 lineto
27.87 -68.32 lineto
27.96 -69.2 lineto
28.07 -70.1 lineto
28.16 -70.85 lineto
28.26 -71.67 lineto
28.39 -72.5 lineto
28.58 -73.38 lineto
28.84 -74.24 lineto
29.09 -75.04 lineto
29.29 -75.75 lineto stroke
newpath 30.25 -75.24 moveto
30.07 -72.69 29.66 -70.15 29.44 -67.6 curveto
29.24 -65.18 29.45 -62.73 29.67 -60.3 curveto
29.78 -59.04 29.78 -57.76 29.77 -56.49 curveto stroke
newpath 27.14 -56.11 moveto
27.29 -58.37 28.13 -60.83 27.17 -62.97 curveto
26.5 -64.48 25.3 -62.49 24.97 -61.68 curveto
23.43 -59.01 24.48 -55.94 24.5 -53.06 curveto
24.68 -51.7 24.68 -50.31 23.73 -49.21 curveto
22.88 -46.52 21.36 -43.86 21.99 -40.95 curveto
22.08 -39.49 22.68 -37.98 22.15 -36.54 curveto
20.63 -36.18 18.79 -36.59 17.71 -35.13 curveto
15.76 -33.12 12.5 -32.48 11.36 -29.72 curveto
10.56 -26.99 11.06 -24.11 10.72 -21.35 curveto
10.71 -18.93 11.27 -16.53 10.62 -14.14 curveto
10.07 -12.18 10.53 -9.42 8.35 -8.38 curveto
6.92 -7.7 5.12 -6.65 5.49 -4.8 curveto
5.1 -1.09 5.37 2.66 4.87 6.36 curveto
4.04 9.16 5.38 12.19 7.58 14.03 curveto
9.05 15.26 10.92 16.21 11.5 18.23 curveto
12.26 20.01 13.8 21.66 13.12 23.75 curveto
12.88 25.71 12.11 27.67 12.78 29.62 curveto
13.11 31.98 15.7 32.84 17.79 32.97 curveto
18.58 33.13 19.37 33.28 20.17 33.43 curveto stroke
newpath 20.57 33.54 moveto
20.57 33.54 26.16 35.42 27.46 36.14 curveto
28.75 36.86 33.9 38.97 33.9 38.97 curveto stroke
newpath 33.25 41.04 moveto
32.34 40.65 27.59 39.19 26.79 38.72 curveto
25.98 38.24 19.86 39.31 19.86 39.31 curveto stroke
newpath 19.83 39.37 moveto
17.54 37.53 14.4 37.64 11.63 37.23 curveto
9.34 36.89 7.41 38.41 5.7 39.76 curveto
2.75 42.09 2.09 45.93 0.69 49.12 curveto
-0.28 51.34 -1.9 53.21 -3.82 54.75 curveto
-6.26 56.73 -9.22 58.01 -11.92 59.61 curveto stroke
showpage
%%EOF
