%!PS
%%BoundingBox: -41 -40 29 18 
%%HiResBoundingBox: -40.23251 -39.74251 28.86252 17.53252 
%%Creator: MetaPost 2.01
%%CreationDate: 2023.02.28:1206
%%Pages: 1
%%BeginProlog
%%EndProlog
%%Page: 1 1
 0 0.24501 dtransform truncate idtransform setlinewidth pop [] 0 setdash
 1 setlinecap 1 setlinejoin 10 setmiterlimit
newpath 23.39 -10.48 moveto
23.39 -10.48 23.1 -12.19 22.44 -12.78 curveto
21.18 -13.9 19.15 -14.25 17.53 -14.99 curveto
16.24 -15.6 15.09 -16.49 13.77 -16.96 curveto
11.69 -17.69 9.43 -17.83 7.23 -17.85 curveto
5.46 -17.87 3.93 -17.62 2.41 -17.28 curveto
0.38 -16.83 -1.64 -16.18 -3.73 -15.64 curveto
-5.19 -15.26 -6.86 -15.4 -8.09 -14.55 curveto
-9.32 -13.69 -9.73 -12.06 -10.59 -10.84 curveto
-11.26 -9.9 -11.93 -8.94 -12.73 -8.09 curveto
-13.39 -7.37 -14.41 -6.96 -14.87 -6.11 curveto
-15.27 -5.34 -15.16 -4.39 -15.27 -3.52 curveto
-15.39 -2.6 -15.57 -1.68 -15.54 -0.75 curveto
-15.5 0.38 -14.98 2.59 -14.98 2.59 curveto stroke
newpath -14.98 2.59 moveto
-14.98 2.59 -15.1 4.67 -14.69 5.59 curveto
-14.48 6.05 -14.06 6.4 -13.66 6.71 curveto
-13.32 6.97 -12.88 7.07 -12.52 7.3 curveto
-11.79 7.78 -11.2 8.45 -10.47 8.94 curveto
-10.18 9.14 -9.78 9.2 -9.56 9.47 curveto
-8.9 10.25 -8.75 11.34 -8.49 12.32 curveto
-8.21 13.39 -7.95 15.59 -7.95 15.59 curveto stroke
newpath -10.43 17.41 moveto
-10.43 17.41 -10.16 15.21 -10.98 15.16 curveto
-11.8 15.12 -12.71 15.61 -13.28 14.8 curveto
-13.84 13.99 -14.31 13.16 -15 13.3 curveto
-15.68 13.43 -16.93 14.26 -17.85 14.28 curveto
-18.77 14.29 -19.19 13.11 -20.23 13.52 curveto
-21.26 13.94 -22.41 14.46 -23.18 14.53 curveto
-23.94 14.6 -24.03 13.78 -24.64 14.32 curveto
-25.25 14.85 -25.97 15.82 -26.59 15.75 curveto
-27.22 15.67 -29.57 13.07 -29.69 12.48 curveto
-29.81 11.89 -31.9 8.1 -31.78 7.66 curveto
-31.66 7.22 -31.96 6.77 -31.55 5.76 curveto
-31.14 4.74 -30.06 3.5 -29.97 2.45 curveto
-29.88 1.4 -31.06 0.08 -30.63 -0.32 curveto
-30.2 -0.71 -30.23 -4.86 -30.23 -4.86 curveto stroke
newpath -28.57 -5.16 moveto
-28.41 -3.34 -28.61 -1.38 -27.15 -0.12 curveto
-26.82 1.91 -25.18 2.52 -23.58 3.33 curveto
-22.27 3.57 -21.22 2.32 -21.22 1.09 curveto
-21.1 0.51 -20.99 -0.06 -20.88 -0.64 curveto stroke
newpath -20.88 -0.64 moveto
-20.71 -3.07 -20.22 -5.47 -19.99 -7.88 curveto
-19.83 -9.56 -20.31 -11.09 -22.35 -10.82 curveto
-24.3 -11.56 -25.93 -12.93 -27.75 -13.94 curveto
-29.64 -14.99 -31.72 -14.69 -33.7 -14.94 curveto
-35.66 -14.68 -38.26 -16.03 -39.74 -14.41 curveto stroke
newpath -40.11 -22.83 moveto
-37.66 -23.84 -36.99 -26.65 -35.79 -28.76 curveto
-34.97 -31.07 -33.76 -33.35 -31.22 -34.15 curveto
-28.23 -35.55 -24.83 -35.11 -21.66 -35.46 curveto
-20.06 -35.64 -18.44 -35.8 -16.87 -36.23 curveto stroke
newpath -15.18 -30.81 moveto
-15.18 -30.81 -18.74 -29.39 -20.71 -28.66 curveto
-22.68 -27.94 -24.25 -27.75 -25.4 -26.78 curveto
-26.55 -25.81 -28.8 -25.64 -28.42 -24.62 curveto
-28.02 -23.55 -27.46 -22.57 -26.85 -22.2 curveto
-26.24 -21.83 -18.39 -24.37 -16.85 -24.58 curveto
-15.34 -24.79 -13.33 -22.28 -11.42 -21.37 curveto
-9.6 -20.5 -7.97 -22.52 -7.86 -23.67 curveto
-7.82 -24.09 -9.42 -26.3 -9.68 -27.77 curveto
-9.95 -29.25 -10.61 -28.73 -10.64 -29.86 curveto stroke
newpath -9.67 -35.84 moveto
-9.67 -36.75 -8.7 -34.61 -7.7 -36.46 curveto
-6.64 -38.42 -5.68 -38.8 -3.85 -38.75 curveto
-1.99 -38.7 1.78 -36.97 2.76 -36.49 curveto
3.73 -36.03 5.28 -36.13 5.59 -37.05 curveto
5.91 -37.99 6.05 -39.62 6.05 -39.62 curveto stroke
newpath 17.61 -34.92 moveto
18.16 -28.54 15.81 -28.4 20.37 -26.8 curveto
24.84 -25.24 25.25 -23.27 28.74 -23.9 curveto stroke
showpage
%%EOF
