%!PS
%%BoundingBox: -84 -129 90 129 
%%HiResBoundingBox: -83.90251 -128.92564 89.70251 128.09251 
%%Creator: MetaPost 2.01
%%CreationDate: 2023.02.28:1206
%%Pages: 1
%%BeginProlog
%%EndProlog
%%Page: 1 1
 0 0.24501 dtransform truncate idtransform setlinewidth pop [] 0 setdash
 1 setlinecap 1 setlinejoin 10 setmiterlimit
newpath -83.78 62.13 moveto
-83.78 62.13 -81.44 58.69 -79.88 57.34 curveto
-79.1 56.67 -77.47 56.3 -77.23 55.76 curveto
-77 55.22 -72.1 51.87 -71.83 51.26 curveto
-71.55 50.66 -71.83 48.11 -71.54 47.35 curveto
-71.26 46.58 -68.99 46.05 -68.71 45.66 curveto
-68.44 45.27 -67.81 41.22 -67.49 40.18 curveto
-67.17 39.13 -66.39 38.83 -66.51 38.38 curveto
-66.62 37.93 -66.96 35.98 -65.36 33.87 curveto
-63.77 31.75 -61.33 31.24 -60.33 26.61 curveto
-59.33 21.98 -54.36 18.47 -54.23 16.67 curveto
-54.1 14.88 -49.55 8.43 -48.13 6.25 curveto
-46.7 4.07 -43.82 -1.21 -43.48 -3.44 curveto
-43.14 -5.66 -44.47 -9.37 -43.86 -12.41 curveto
-43.25 -15.44 -45.1 -30.61 -44.71 -34.77 curveto
-44.32 -38.93 -41.5 -50.05 -40.55 -51.74 curveto
-39.59 -53.42 -31.21 -60.92 -31.02 -62.73 curveto
-30.84 -64.54 -27.36 -79.11 -26.03 -81.06 curveto
-24.72 -82.98 -22.02 -88.73 -21.29 -90.28 curveto
-20.57 -91.82 -15.44 -104.84 -15.11 -105.06 curveto
-14.79 -105.28 -9.46 -112.11 -8.99 -112.78 curveto
-8.53 -113.45 -4.51 -117.12 -4.29 -118.2 curveto
-4.07 -119.26 -3.68 -123.24 -3.35 -123.89 curveto
-3.03 -124.53 -0.01 -125.63 -0.01 -125.63 curveto
-0.01 -125.63 8.2 -127.61 8.67 -127.6 curveto
9.14 -127.59 11.1 -128.43 11.45 -128.7 curveto
11.65 -128.85 12.83 -128.86 14.32 -128.57 curveto stroke
newpath 14.43 -128.68 moveto
14.43 -128.68 21.08 -127.83 21.73 -127.93 curveto stroke
newpath 27.19 -115.51 moveto
27.19 -115.51 18.79 -114.91 15.23 -115.65 curveto
11.73 -116.38 7.12 -116.79 6.11 -115.25 curveto
5.07 -113.68 4.18 -110.97 3.94 -110.12 curveto
3.7 -109.27 1.37 -108.88 0.44 -107.47 curveto
-0.48 -106.08 -1.73 -102.19 -1.73 -102.19 curveto
-1.73 -102.19 -3.94 -97.82 -4.1 -97.27 curveto
-4.25 -96.71 -6.02 -91.41 -6.96 -90.66 curveto
-7.9 -89.9 -8 -90.15 -8.89 -89.14 curveto
-9.78 -88.14 -18.96 -73.27 -18.96 -73.27 curveto
-18.96 -73.27 -19.1 -70.42 -19.17 -69.19 curveto
-19.25 -67.97 -20.74 -62.39 -20.92 -62.08 curveto
-21.11 -61.77 -24.7 -46.53 -25.35 -43.48 curveto
-26.01 -40.43 -25.86 -37.06 -26.19 -36.28 curveto
-26.53 -35.5 -28.02 -31.7 -28.09 -31.15 curveto
-28.17 -30.6 -31.5 -17.95 -31.35 -15.7 curveto
-31.2 -13.44 -30.6 -7.35 -30.21 -6.23 curveto
-29.81 -5.1 -28.95 -4.62 -28.12 -3.88 curveto
-27.28 -3.13 -23.19 -1.71 -23.19 -1.71 curveto
-23.19 -1.71 -18.71 -0.88 -17.63 -0.62 curveto
-16.55 -0.36 -17.37 0.17 -15.96 -0.35 curveto
-14.55 -0.87 -12.85 -1.09 -12.55 -2.23 curveto
-12.26 -3.37 -11.24 -5.44 -11.24 -5.44 curveto stroke
newpath -8.72 -4.33 moveto
-8.81 -4.09 -9.16 -1.49 -8.17 -0.73 curveto
-7.17 0.03 -5.25 0.87 -3.98 1.46 curveto
-2.7 2.04 0.43 3.43 0.86 3.64 curveto
1.29 3.85 8.65 7.2 9.78 7.66 curveto
10.91 8.12 14.02 9.04 14.31 9.12 curveto
14.6 9.21 15.88 9.2 16.13 9.14 curveto
16.38 9.08 19.33 6.83 19.33 6.83 curveto stroke
newpath 22.2 8.87 moveto
22.2 8.87 20.83 12.69 21.7 13.59 curveto
22.57 14.49 24.37 16.11 24.84 16.47 curveto
25.31 16.83 26.32 18.07 26.76 19.18 curveto
27.21 20.29 28.42 27.14 28.69 28.83 curveto
28.97 30.52 32.14 35.16 32.37 35.63 curveto
32.6 36.11 34.61 37.69 34.87 37.89 curveto
35.14 38.09 33.48 42.56 33.53 42.97 curveto
33.58 43.39 33.32 48.05 32.91 50.28 curveto
32.49 52.52 32.42 54.19 32.42 54.19 curveto
32.42 54.19 31.84 59.49 31.14 60.99 curveto
30.45 62.5 30.35 65.17 31.63 66.27 curveto
32.92 67.38 36.5 70.29 37.3 71.15 curveto
38.11 72.02 42.26 73.41 42.78 73.76 curveto
43.29 74.11 47.44 78.39 47.76 78.84 curveto
48.09 79.29 48.88 80.05 49.21 80.13 curveto
49.55 80.2 58.58 84.64 59.82 85.71 curveto
61.05 86.78 63.28 88.4 63.67 88.46 curveto
64.06 88.52 69.47 86.72 70.1 86.08 curveto
70.74 85.43 75.52 82.62 75.97 82.51 curveto
76.42 82.39 80.6 81.6 81.24 81.22 curveto
81.89 80.83 82.26 80.41 83.2 76.86 curveto
84.13 73.32 84.88 71.95 84.97 71.66 curveto
85.06 71.37 86.16 69.01 86.32 68.38 curveto
86.48 67.75 87.58 65.34 87.58 65.34 curveto stroke
newpath 89.58 67.12 moveto
89.14 67.72 87.99 72.65 87.6 73.39 curveto
87.2 74.13 86.49 75.75 85.47 76.97 curveto
84.45 78.19 84.68 81.82 84.66 82.68 curveto
84.64 83.55 83.69 85.39 83.2 85.96 curveto
82.7 86.53 82.14 87.71 82.05 86.17 curveto
81.95 84.64 81.95 83.45 81.62 83.48 curveto
81.28 83.52 77.84 85.44 77.29 86.01 curveto
76.74 86.57 71.77 88.43 70.39 88.88 curveto
69.01 89.34 66.83 92.3 67.08 93.68 curveto
67.32 95.06 68.17 96.71 70.01 97.58 curveto
71.84 98.46 71.89 98.23 72.4 98.75 curveto
72.91 99.26 76.01 102.31 76.42 103.32 curveto
76.84 104.33 77.05 106.23 75.86 107.65 curveto
74.66 109.07 73.53 110.48 73.28 111.19 curveto
73.04 111.89 71.66 112.99 70.92 114.46 curveto
70.17 115.93 69.76 117.65 69.34 118.5 curveto
68.91 119.36 67.1 120.63 66.6 120.97 curveto
66.11 121.31 63.79 123.09 63.79 123.09 curveto
61.84 124.68 lineto stroke
newpath 61.93 124.7 moveto
61.93 124.7 61.13 125.84 60.84 126.37 curveto
60.55 126.9 60.27 127.97 60.27 127.97 curveto stroke
newpath 56.68 125.9 moveto
56.68 125.9 57.17 125.39 57.68 124.46 curveto
58.18 123.52 58.6 121.73 58.6 121.73 curveto stroke
newpath 58.53 121.81 moveto
58.53 121.81 59.42 120.25 59.63 119.61 curveto
59.84 118.97 62.66 117.27 63.32 115.23 curveto
63.97 113.19 65.38 112.03 65.49 111.41 curveto
65.6 110.8 64.35 109.46 64 108.49 curveto
63.64 107.51 59.51 103.28 59.07 102.59 curveto
58.63 101.9 55.1 96.67 54.46 96.24 curveto
53.81 95.82 49.48 93.51 49.26 93.25 curveto
49.03 92.99 43.84 90.04 43.24 89.34 curveto
42.63 88.64 37.35 82.19 36.76 81.33 curveto
36.16 80.47 30.69 76.42 29.63 75.4 curveto
28.57 74.39 25.31 71.48 24.78 70.65 curveto
24.25 69.83 23.94 69.21 23.28 68.26 curveto
22.61 67.3 21.78 66.12 21.52 66.99 curveto
21.25 67.85 20.46 69.39 20 70.3 curveto
19.53 71.22 18.93 74.79 18.86 75.18 curveto
18.8 75.57 18.12 76.32 17.83 76.66 curveto stroke
newpath 17.69 76.83 moveto
17.69 76.83 15.76 79.78 15.2 81.36 curveto
14.64 82.95 14.42 85.25 13 85.77 curveto
11.58 86.29 10.96 89.3 10.52 90.1 curveto
10.08 90.91 7.68 94.26 7.54 94.56 curveto
7.41 94.87 7.18 96.48 7.18 96.48 curveto stroke
newpath 4.34 94.79 moveto
4.34 94.79 8.5 86.54 8.7 86.06 curveto
8.9 85.58 13.07 76.07 13.7 75.59 curveto
14.33 75.11 16.54 73.06 16.54 73.06 curveto stroke
newpath 16.67 72.96 moveto
16.96 71.77 19.43 67.83 19.33 67.43 curveto
19.23 67.03 19.47 65.42 18.44 64.71 curveto
17.41 64.01 16.9 63.23 15.92 63.59 curveto
14.94 63.94 14.27 64.27 14.27 64.27 curveto stroke
newpath 13.8 62.79 moveto
13.8 62.79 14.48 61.65 15.54 61.39 curveto
16.59 61.12 20.06 62.6 21.13 62.17 curveto
22.21 61.74 22.76 60.49 22.43 59.61 curveto
22.11 58.73 22.76 55.26 22.67 54.44 curveto
22.57 53.61 23.45 50.2 23.38 48.36 curveto
23.31 46.52 25.05 44.23 23.79 42 curveto
22.53 39.78 20.39 34.15 20.35 33.15 curveto
20.31 32.14 18.45 26.96 17.48 26.3 curveto
16.51 25.64 15.45 24.2 14.6 24.42 curveto
13.75 24.64 11.78 25.51 11.21 26.83 curveto
10.64 28.15 10.19 29.33 10.19 29.33 curveto stroke
newpath 8.47 28.65 moveto
8.5 28.38 8.6 27.07 8.35 25.91 curveto
8.11 24.74 8.14 22.55 7.19 23.22 curveto
6.23 23.89 6.35 24.34 5.66 24.99 curveto
4.98 25.65 3.51 27.04 3.51 27.04 curveto stroke
newpath 2.19 23.53 moveto
2.31 22.75 3.61 20.71 3.45 20.06 curveto
3.28 19.41 0.72 18.14 -0.57 17.08 curveto
-1.85 16.02 0.46 13.77 -1.02 12.98 curveto
-2.51 12.18 -5.18 11.37 -5.78 10.88 curveto
-6.39 10.4 -18.74 7.19 -19.84 7.04 curveto
-20.95 6.9 -26.77 7.31 -27.38 7.2 curveto
-28 7.09 -28.98 5.52 -29.71 4.96 curveto
-30.44 4.4 -30.91 2.97 -31.84 4.33 curveto
-32.78 5.69 -39.21 17.32 -40.23 18.38 curveto
-41.24 19.44 -45.66 23.03 -46.6 25.4 curveto
-47.54 27.78 -51.63 32.88 -52.02 33.83 curveto
-52.24 34.34 -53.11 36.13 -54.02 37.94 curveto
-53.97 37.99 -53.91 38.04 -53.86 38.08 curveto
-53.86 38.08 lineto
-53.91 38.04 -53.97 37.99 -54.02 37.94 curveto
-54.82 39.53 -55.65 41.13 -56.1 41.92 curveto
-57.06 43.61 -59.82 43.67 -60.11 45.88 curveto
-60.4 48.09 -58.58 52.11 -58.7 52.47 curveto
-58.83 52.82 -61.67 55.73 -63.45 58.16 curveto
-65.24 60.59 -66.73 63.37 -66.73 63.37 curveto stroke
newpath -66.76 63.37 moveto
-66.76 63.37 -69.83 65.4 -70.86 66.87 curveto
-71.16 67.31 -71.42 68.38 -71.42 68.38 curveto stroke
showpage
%%EOF
