%!PS
%%BoundingBox: -33 -73 34 69 
%%HiResBoundingBox: -32.13751 -72.45999 33.445 68.87001 
%%Creator: MetaPost 2.01
%%CreationDate: 2023.02.28:1206
%%Pages: 1
%%BeginProlog
%%EndProlog
%%Page: 1 1
 1 0.85715 0 0.3 setcmykcolor 0 0.35
 dtransform truncate idtransform setlinewidth pop [] 0 setdash 1 setlinecap
 1 setlinejoin 10 setmiterlimit
newpath 5.93292 24.10077 moveto
5.85625 24.67535 4.85999 24.74362 4.91518 25.37735 curveto
4.98679 26.19962 6.75798 25.67899 6.6496 26.66815 curveto
6.532 27.74162 4.8901 26.70691 4.56796 27.44965 curveto
4.2065 28.28311 5.58833 28.39842 5.83992 29.03175 curveto
6.1463 29.80298 5.10562 30.3007 5.00708 31.03925 curveto stroke
newpath 6.31546 28.91995 moveto
6.44565 29.11118 6.54767 29.3053 6.54478 29.5033 curveto
6.5327 30.33304 5.38077 30.39465 5.00708 31.03925 curveto
4.81549 30.31921 5.58644 29.4611 5.00827 28.86584 curveto
4.8703 28.72382 4.66093 28.6587 4.43362 28.61551 curveto
 closepath stroke
newpath 6.31546 28.91995 moveto
6.44565 29.11118 6.54767 29.3053 6.54478 29.5033 curveto
6.5327 30.33304 5.38077 30.39465 5.00708 31.03925 curveto
4.81549 30.31921 5.58644 29.4611 5.00827 28.86584 curveto
4.8703 28.72382 4.66093 28.6587 4.43362 28.61551 curveto
 closepath fill
newpath 4.33919 15.50916 moveto
4.41386 16.084 3.4692 16.40784 3.68655 17.00566 curveto
3.96855 17.78137 5.54463 16.82004 5.69597 17.80354 curveto
5.86021 18.8709 4.00645 18.2964 3.88754 19.09721 curveto
3.7541 19.99582 5.11871 19.74956 5.52565 20.29619 curveto
6.02121 20.96182 5.14482 21.71196 5.2408 22.45084 curveto stroke
newpath 5.95605 20.0651 moveto
6.1313 20.21613 6.28008 20.37723 6.32855 20.56921 curveto
6.53163 21.37383 5.43489 21.73148 5.2408 22.45084 curveto
4.86937 21.80493 5.39195 20.7765 4.6794 20.3512 curveto
4.50937 20.2497 4.29027 20.241 4.05954 20.25812 curveto
 closepath stroke
newpath 5.95605 20.0651 moveto
6.1313 20.21613 6.28008 20.37723 6.32855 20.56921 curveto
6.53163 21.37383 5.43489 21.73148 5.2408 22.45084 curveto
4.86937 21.80493 5.39195 20.7765 4.6794 20.3512 curveto
4.50937 20.2497 4.29027 20.241 4.05954 20.25812 curveto
 closepath fill
newpath 5.0189 8.86053 moveto
5.02902 9.44012 4.05415 9.65662 4.2035 10.27496 curveto
4.3973 11.07727 6.07071 10.29762 6.11148 11.29187 curveto
6.15572 12.37088 4.37755 11.59332 4.1701 12.37589 curveto
3.93735 13.25403 5.32089 13.1614 5.66437 13.74998 curveto
6.08263 14.46672 5.1281 15.11449 5.1411 15.85947 curveto stroke
newpath 6.11784 13.56833 moveto
6.27515 13.73795 6.40506 13.91461 6.43182 14.11082 curveto
6.54395 14.93306 5.41418 15.16623 5.1411 15.85947 curveto
4.844 15.17618 5.47795 14.21242 4.81725 13.71034 curveto
4.65959 13.59052 4.44284 13.55745 4.21162 13.54874 curveto
 closepath stroke
newpath 6.11784 13.56833 moveto
6.27515 13.73795 6.40506 13.91461 6.43182 14.11082 curveto
6.54395 14.93306 5.41418 15.16623 5.1411 15.85947 curveto
4.844 15.17618 5.47795 14.21242 4.81725 13.71034 curveto
4.65959 13.59052 4.44284 13.55745 4.21162 13.54874 curveto
 closepath fill
newpath 8.08981 -1.48335 moveto
7.97722 -0.9147 6.9786 -0.9091 6.99391 -0.27318 curveto
7.01378 0.55196 8.81416 0.14355 8.6439 1.12396 curveto
8.45914 2.18794 6.88544 1.05219 6.5173 1.77324 curveto
6.10422 2.58237 7.4761 2.78423 7.68744 3.43208 curveto
7.9448 4.22101 6.87492 4.65245 6.7302 5.38335 curveto stroke
newpath 8.16905 3.35036 moveto
8.28697 3.54941 8.3766 3.74953 8.3613 3.94696 curveto
8.29713 4.7743 7.14362 4.76347 6.7302 5.38335 curveto
6.5842 4.6527 7.40752 3.84468 6.86783 3.21431 curveto
6.73906 3.06389 6.53418 2.98576 6.31003 2.92839 curveto
 closepath stroke
newpath 8.16905 3.35036 moveto
8.28697 3.54941 8.3766 3.74953 8.3613 3.94696 curveto
8.29713 4.7743 7.14362 4.76347 6.7302 5.38335 curveto
6.5842 4.6527 7.40752 3.84468 6.86783 3.21431 curveto
6.73906 3.06389 6.53418 2.98576 6.31003 2.92839 curveto
 closepath fill
newpath 8.64774 -13.70862 moveto
8.63155 -13.12917 7.64786 -12.95712 7.76901 -12.33264 curveto
7.9262 -11.52237 9.63324 -12.2253 9.62886 -11.23024 curveto
9.62411 -10.15034 7.88306 -11.00777 7.64034 -10.23541 curveto
7.36797 -9.36874 8.75429 -9.3985 9.0707 -8.79494 curveto
9.45601 -8.05998 8.47308 -7.45619 8.45227 -6.7114 curveto stroke
newpath 9.53195 -8.95586 moveto
9.68141 -8.77925 9.80315 -8.59688 9.82098 -8.39966 curveto
9.89569 -7.57321 8.75653 -7.39153 8.45227 -6.7114 curveto
8.18646 -7.40746 8.8635 -8.34145 8.22626 -8.873 curveto
8.0742 -8.99985 7.85916 -9.04271 7.6286 -9.0619 curveto
 closepath stroke
newpath 9.53195 -8.95586 moveto
9.68141 -8.77925 9.80315 -8.59688 9.82098 -8.39966 curveto
9.89569 -7.57321 8.75653 -7.39153 8.45227 -6.7114 curveto
8.18646 -7.40746 8.8635 -8.34145 8.22626 -8.873 curveto
8.0742 -8.99985 7.85916 -9.04271 7.6286 -9.0619 curveto
 closepath fill
newpath 11.31773 -24.62862 moveto
11.30154 -24.04916 10.31786 -23.87712 10.43901 -23.25264 curveto
10.59619 -22.44237 12.30324 -23.1453 12.29886 -22.15024 curveto
12.29411 -21.07034 10.55305 -21.92776 10.31033 -21.15541 curveto
10.03796 -20.28874 11.42429 -20.3185 11.74069 -19.71494 curveto
12.126 -18.97998 11.14308 -18.37619 11.12227 -17.6314 curveto stroke
newpath 12.20195 -19.87585 moveto
12.35141 -19.69925 12.47314 -19.51688 12.49098 -19.31966 curveto
12.56569 -18.49321 11.42653 -18.31152 11.12227 -17.6314 curveto
10.85646 -18.32745 11.5335 -19.26144 10.89626 -19.793 curveto
10.7442 -19.91985 10.52916 -19.9627 10.2986 -19.9819 curveto
 closepath stroke
newpath 12.20195 -19.87585 moveto
12.35141 -19.69925 12.47314 -19.51688 12.49098 -19.31966 curveto
12.56569 -18.49321 11.42653 -18.31152 11.12227 -17.6314 curveto
10.85646 -18.32745 11.5335 -19.26144 10.89626 -19.793 curveto
10.7442 -19.91985 10.52916 -19.9627 10.2986 -19.9819 curveto
 closepath fill
 0 0 0 1 setcmykcolor 0 0.7 dtransform truncate idtransform setlinewidth pop
newpath -7.14 63.63 moveto
-7.14 63.43 -5.73 55.18 -5.36 52.85 curveto
-4.98 50.53 -4.33 48.9 -4.48 47.47 curveto
-4.64 46.05 -4.4 43.81 -4.4 43.81 curveto
-4.4 43.81 -3.14 42.37 -3.11 42.11 curveto
-3.07 41.85 -1.87 40.58 -3.22 40.67 curveto
-4.56 40.76 -5.51 41.41 -5.51 41.41 curveto
-5.51 41.41 -8.07 40.75 -8.87 40.95 curveto
-9.68 41.16 -11.39 41.45 -11.4 42.01 curveto
-11.41 42.57 -10.91 44.92 -11.45 45.56 curveto
-12 46.21 -12.89 45.07 -13.42 46.98 curveto
-13.95 48.88 -15.01 50.72 -15.01 50.72 curveto
-15.01 50.72 -15.14 51.21 -15.62 52.3 curveto
-16.1 53.39 -16.9 55.83 -16.96 56.2 curveto
-17.02 56.57 -17.22 57.18 -17.51 57.85 curveto
-17.8 58.53 -19.22 60.34 -19.89 61.61 curveto
-20.58 62.91 -22.16 64.08 -22.5 64.64 curveto
-22.85 65.21 -23.12 66.91 -23.12 66.91 curveto
-23.78 68.52 lineto stroke
newpath -30.62 62.89 moveto
-30.62 62.89 -28.47 60.35 -28.29 59.83 curveto
-28.11 59.31 -26.69 57.7 -26.38 57.57 curveto
-26.08 57.43 -25.24 55.63 -25.38 55.1 curveto
-25.51 54.56 -25.32 51.74 -25.06 51.68 curveto
-24.79 51.62 -21.24 51.61 -20.8 50.79 curveto
-20.37 49.96 -19.4 48.14 -19.18 47.59 curveto
-18.97 47.03 -18.35 46.38 -18.06 46.09 curveto
-17.78 45.8 -17.2 45.8 -16.97 45.03 curveto
-16.74 44.25 -16.6 43.93 -16.74 43.68 curveto
-16.88 43.43 -20.6 42.86 -20.6 42.86 curveto
-20.6 42.86 -22.96 43.16 -21.46 42 curveto
-19.97 40.84 -18.6 38.34 -18.6 38.34 curveto
-17.49 33.68 lineto
-17.49 33.68 -15.51 31.6 -14.33 31.44 curveto
-13.15 31.29 -12.51 32.13 -11.61 31.69 curveto
-10.72 31.25 -8.77 29.89 -7.98 29.91 curveto
-7.19 29.93 -5.08 30.32 -4.22 28.89 curveto
-3.37 27.45 -3.41 27.03 -3.1 25.44 curveto
-2.79 23.85 -2.05 14.41 -1.9 13.01 curveto
-1.76 11.61 -0.36 10.61 -0.27 10.15 curveto
-0.17 9.7 0.04 8.57 -0.45 7.46 curveto
-0.95 6.36 -2.08 5.28 -2.12 4.57 curveto
-2.15 3.85 0.59 -0.43 1.12 -1.49 curveto
1.66 -2.56 2.78 -5.35 2.77 -7.14 curveto
2.77 -8.93 3.51 -14.98 3.51 -14.98 curveto
3.51 -14.98 2.6 -18.12 2.67 -18.42 curveto
2.74 -18.73 2.82 -18.1 3.86 -21.5 curveto
4.89 -24.9 5.3 -25.57 5.81 -26.13 curveto
6.32 -26.68 9.24 -31.12 9.24 -31.12 curveto
9.24 -31.12 10.08 -30.9 10.05 -32.18 curveto
10.03 -33.46 10.21 -37.38 11.15 -38.54 curveto
12.08 -39.7 12.23 -42.02 12.2 -42.44 curveto
12.17 -42.86 12.66 -43.76 12.61 -44.54 curveto
12.56 -45.31 12 -46.68 11.66 -47.74 curveto
11.32 -48.8 10.99 -49.86 10.45 -50.87 curveto
9.9 -51.89 9.02 -54.82 9.02 -54.82 curveto
9.02 -54.82 8.4 -55.88 8.87 -56.28 curveto
9.34 -56.68 11.29 -59.1 11.29 -59.1 curveto
11.29 -59.1 11.99 -60.28 12.56 -60.57 curveto
13.13 -60.86 15.02 -61.84 15.02 -61.84 curveto stroke
newpath 16 -60.51 moveto
16 -60.51 14.26 -56.98 14.18 -56.17 curveto
14.1 -55.36 14.64 -53.49 14.83 -53.04 curveto
15.02 -52.58 14.44 -49.79 16.17 -50.58 curveto
17.89 -51.37 18.71 -52.95 19.53 -53.37 curveto
20.35 -53.8 20.17 -53.68 21.79 -55.17 curveto
23.42 -56.66 24.31 -57.68 24.91 -58.4 curveto
25.52 -59.13 25.58 -59.44 26.33 -59.62 curveto
27.07 -59.81 27.25 -59.93 27.6 -60.24 curveto
27.96 -60.54 29.14 -60.7 29.15 -61.49 curveto
29.17 -62.28 28.99 -65.25 28.99 -65.25 curveto stroke
newpath 30.78 -65.27 moveto
30.78 -65.27 31.02 -62.61 30.97 -61.67 curveto
30.93 -60.72 31.44 -58.7 29.94 -58.11 curveto
28.44 -57.51 27.77 -57.91 27.25 -55.7 curveto
26.74 -53.49 25.67 -52.36 25.27 -51.68 curveto
24.87 -51 24.45 -47.3 24.06 -45.76 curveto
23.66 -44.22 22.03 -39.22 22.07 -37.29 curveto
22.12 -35.36 19.5 -34 18.93 -31.06 curveto
18.36 -28.13 17.72 -25.17 17.85 -24.34 curveto
17.98 -23.52 15.06 -21.37 15.55 -18.2 curveto
16.04 -15.02 14.82 -9.72 14.29 -6.58 curveto
13.76 -3.45 11.58 3.44 11.58 3.44 curveto
10.61 6.76 lineto
10.61 6.76 9.06 10.79 9.07 11.94 curveto
9.07 13.08 7.72 21.23 7.98 23.1 curveto
8.25 24.97 8.11 27.8 8.11 27.8 curveto
8.42 32.39 lineto
8.42 32.39 7.91 36.89 7.24 37.34 curveto
6.57 37.8 5.2 38.92 5.2 38.92 curveto
4.1 39.92 2.11 41.49 2.06 41.7 curveto
2.02 41.92 1.26 43.93 1.26 43.93 curveto
-0.22 48.05 lineto
-0.05 50.94 lineto
-0.72 56.73 lineto
-2.26 64.36 lineto stroke
 0 0.35 dtransform truncate idtransform setlinewidth pop
newpath 13.55005 -63.05005 moveto
19.14996 -63.05005 lineto stroke
newpath 13.55005 -61.64996 moveto
19.14996 -61.64996 lineto stroke
 0.35 0 dtransform exch truncate exch idtransform pop setlinewidth
newpath 30.77 -72.07991 moveto
30.77 -66.48 lineto stroke
newpath 32.17009 -72.07991 moveto
32.17009 -66.48 lineto stroke
 0 0.35 dtransform truncate idtransform setlinewidth pop
newpath 31.86992 -69.24004 moveto
31.86992 -68.30664 33.27 -68.30664 33.27 -69.24004 curveto
33.27 -69.89162 32.56996 -70.33846 32.56996 -70.99004 curveto stroke
 0 0.84 dtransform truncate idtransform setlinewidth pop
newpath 32.56996 -72.04 moveto 0 0 rlineto stroke
-1 THsetalpha
 0 0 0 0 setcmykcolor
newpath 22.91998 -55.04002 moveto
22.72667 -54.84671 22.72667 -54.5333 22.91998 -54.33998 curveto
23.1133 -54.14667 23.42671 -54.14667 23.62003 -54.33998 curveto
23.81334 -54.5333 23.81334 -54.84671 23.62003 -55.04002 curveto
23.42671 -55.23334 23.1133 -55.23334 22.91998 -55.04002 curveto closepath fill
 0.6 0.6 0.6 setrgbcolor 0 0.24501 dtransform truncate idtransform setlinewidth pop
newpath 22.91998 -55.04002 moveto
22.72667 -54.84671 22.72667 -54.5333 22.91998 -54.33998 curveto
23.1133 -54.14667 23.42671 -54.14667 23.62003 -54.33998 curveto
23.81334 -54.5333 23.81334 -54.84671 23.62003 -55.04002 curveto
23.42671 -55.23334 23.1133 -55.23334 22.91998 -55.04002 curveto closepath stroke
-1 THsetalpha
 0 0 0 0 setcmykcolor
newpath 18.36998 -44.76003 moveto
18.17667 -44.56671 18.17667 -44.2533 18.36998 -44.05998 curveto
18.5633 -43.86667 18.87671 -43.86667 19.07002 -44.05998 curveto
19.26334 -44.2533 19.26334 -44.56671 19.07002 -44.76003 curveto
18.87671 -44.95334 18.5633 -44.95334 18.36998 -44.76003 curveto closepath fill
 0.6 0.6 0.6 setrgbcolor
newpath 18.36998 -44.76003 moveto
18.17667 -44.56671 18.17667 -44.2533 18.36998 -44.05998 curveto
18.5633 -43.86667 18.87671 -43.86667 19.07002 -44.05998 curveto
19.26334 -44.2533 19.26334 -44.56671 19.07002 -44.76003 curveto
18.87671 -44.95334 18.5633 -44.95334 18.36998 -44.76003 curveto closepath stroke
-1 THsetalpha
 0 0 0 0 setcmykcolor
newpath 10.87997 -26.42003 moveto
10.68666 -26.22672 10.68666 -25.9133 10.87997 -25.71999 curveto
11.07329 -25.52667 11.3867 -25.52667 11.58002 -25.71999 curveto
11.77333 -25.9133 11.77333 -26.22672 11.58002 -26.42003 curveto
11.3867 -26.61334 11.07329 -26.61334 10.87997 -26.42003 curveto closepath fill
 0.6 0.6 0.6 setrgbcolor
newpath 10.87997 -26.42003 moveto
10.68666 -26.22672 10.68666 -25.9133 10.87997 -25.71999 curveto
11.07329 -25.52667 11.3867 -25.52667 11.58002 -25.71999 curveto
11.77333 -25.9133 11.77333 -26.22672 11.58002 -26.42003 curveto
11.3867 -26.61334 11.07329 -26.61334 10.87997 -26.42003 curveto closepath stroke
-1 THsetalpha
 0 0 0 0 setcmykcolor
newpath -31.87003 65.22998 moveto
-32.06334 65.4233 -32.06334 65.73671 -31.87003 65.93002 curveto
-31.67671 66.12334 -31.3633 66.12334 -31.16998 65.93002 curveto
-30.97667 65.73671 -30.97667 65.4233 -31.16998 65.22998 curveto
-31.3633 65.03667 -31.67671 65.03667 -31.87003 65.22998 curveto closepath fill
 0.6 0.6 0.6 setrgbcolor
newpath -31.87003 65.22998 moveto
-32.06334 65.4233 -32.06334 65.73671 -31.87003 65.93002 curveto
-31.67671 66.12334 -31.3633 66.12334 -31.16998 65.93002 curveto
-30.97667 65.73671 -30.97667 65.4233 -31.16998 65.22998 curveto
-31.3633 65.03667 -31.67671 65.03667 -31.87003 65.22998 curveto closepath stroke
-1 THsetalpha
 0 0 0 0 setcmykcolor
newpath -18.94002 55.08998 moveto
-19.13333 55.2833 -19.13333 55.59671 -18.94002 55.79002 curveto
-18.7467 55.98334 -18.43329 55.98334 -18.23997 55.79002 curveto
-18.04666 55.59671 -18.04666 55.2833 -18.23997 55.08998 curveto
-18.43329 54.89667 -18.7467 54.89667 -18.94002 55.08998 curveto closepath fill
 0.6 0.6 0.6 setrgbcolor
newpath -18.94002 55.08998 moveto
-19.13333 55.2833 -19.13333 55.59671 -18.94002 55.79002 curveto
-18.7467 55.98334 -18.43329 55.98334 -18.23997 55.79002 curveto
-18.04666 55.59671 -18.04666 55.2833 -18.23997 55.08998 curveto
-18.43329 54.89667 -18.7467 54.89667 -18.94002 55.08998 curveto closepath stroke
-1 THsetalpha
 0 0 0 0 setcmykcolor
newpath -15.30002 45.30998 moveto
-15.49333 45.5033 -15.49333 45.81671 -15.30002 46.01003 curveto
-15.1067 46.20334 -14.79329 46.20334 -14.59998 46.01003 curveto
-14.40666 45.81671 -14.40666 45.5033 -14.59998 45.30998 curveto
-14.79329 45.11667 -15.1067 45.11667 -15.30002 45.30998 curveto closepath fill
 0.6 0.6 0.6 setrgbcolor
newpath -15.30002 45.30998 moveto
-15.49333 45.5033 -15.49333 45.81671 -15.30002 46.01003 curveto
-15.1067 46.20334 -14.79329 46.20334 -14.59998 46.01003 curveto
-14.40666 45.81671 -14.40666 45.5033 -14.59998 45.30998 curveto
-14.79329 45.11667 -15.1067 45.11667 -15.30002 45.30998 curveto closepath stroke
-1 THsetalpha
 0 0 0 0 setcmykcolor
newpath 5.91998 4.53998 moveto
5.72667 4.73329 5.72667 5.0467 5.91998 5.24002 curveto
6.1133 5.43333 6.42671 5.43333 6.62003 5.24002 curveto
6.81334 5.0467 6.81334 4.73329 6.62003 4.53998 curveto
6.42671 4.34666 6.1133 4.34666 5.91998 4.53998 curveto closepath fill
 0.6 0.6 0.6 setrgbcolor
newpath 5.91998 4.53998 moveto
5.72667 4.73329 5.72667 5.0467 5.91998 5.24002 curveto
6.1133 5.43333 6.42671 5.43333 6.62003 5.24002 curveto
6.81334 5.0467 6.81334 4.73329 6.62003 4.53998 curveto
6.42671 4.34666 6.1133 4.34666 5.91998 4.53998 curveto closepath stroke
-1 THsetalpha
 0 0 0 0 setcmykcolor
newpath -14.57002 41.23997 moveto
-14.76334 41.43329 -14.76334 41.7467 -14.57002 41.94002 curveto
-14.37671 42.13333 -14.0633 42.13333 -13.86998 41.94002 curveto
-13.67667 41.7467 -13.67667 41.43329 -13.86998 41.23997 curveto
-14.0633 41.04666 -14.37671 41.04666 -14.57002 41.23997 curveto closepath fill
 0.6 0.6 0.6 setrgbcolor
newpath -14.57002 41.23997 moveto
-14.76334 41.43329 -14.76334 41.7467 -14.57002 41.94002 curveto
-14.37671 42.13333 -14.0633 42.13333 -13.86998 41.94002 curveto
-13.67667 41.7467 -13.67667 41.43329 -13.86998 41.23997 curveto
-14.0633 41.04666 -14.37671 41.04666 -14.57002 41.23997 curveto closepath stroke
-1 THsetalpha
 0 0 0 0 setcmykcolor
newpath -4.36002 29.84998 moveto
-4.55333 30.04329 -4.55333 30.3567 -4.36002 30.55002 curveto
-4.1667 30.74333 -3.85329 30.74333 -3.65997 30.55002 curveto
-3.46666 30.3567 -3.46666 30.04329 -3.65997 29.84998 curveto
-3.85329 29.65666 -4.1667 29.65666 -4.36002 29.84998 curveto closepath fill
 0.6 0.6 0.6 setrgbcolor
newpath -4.36002 29.84998 moveto
-4.55333 30.04329 -4.55333 30.3567 -4.36002 30.55002 curveto
-4.1667 30.74333 -3.85329 30.74333 -3.65997 30.55002 curveto
-3.46666 30.3567 -3.46666 30.04329 -3.65997 29.84998 curveto
-3.85329 29.65666 -4.1667 29.65666 -4.36002 29.84998 curveto closepath stroke
showpage
%%EOF
