%!PS
%%BoundingBox: -81 -88 75 91 
%%HiResBoundingBox: -80.73233 -87.28252 74.58252 90.00252 
%%Creator: MetaPost 2.01
%%CreationDate: 2023.02.28:1206
%%Pages: 1
%%BeginProlog
%%EndProlog
%%Page: 1 1
 0 0.24501 dtransform truncate idtransform setlinewidth pop [] 0 setdash
 1 setlinecap 1 setlinejoin 10 setmiterlimit
newpath -32.29 -47.78 moveto
-32.29 -47.78 -30.49 -45.03 -29.78 -44.26 curveto
-29.07 -43.49 -27.43 -40.48 -25.42 -39.46 curveto
-23.41 -38.44 -22.85 -38.8 -20.38 -35.42 curveto
-17.92 -32.04 -17.84 -26.37 -16.43 -25.42 curveto
-15.02 -24.47 -13.26 -24.99 -8.04 -19.97 curveto
-5.26 -17.3 -5.31 -14.98 -4.95 -13.78 curveto
-4.63 -12.74 -3.76 -12.72 -3.37 -11.97 curveto
-2.52 -10.37 1.45 -5.62 3.2 -4.75 curveto
4.96 -3.89 3.54 -2.29 5.3 -0.26 curveto
7.06 1.78 14.73 7.63 16.26 10.16 curveto
17.78 12.69 18.54 16.22 19.32 16.97 curveto
20.09 17.72 23.24 19.84 24.32 20.66 curveto
25.4 21.48 34.02 30.53 35.04 31.94 curveto
36.07 33.36 37.31 35.6 38.39 35.54 curveto
39.47 35.48 44.39 35.4 46.82 35 curveto
49.25 34.6 50.22 36.98 50.44 37.29 curveto
50.66 37.6 51.03 40.79 50.98 41.75 curveto
50.93 42.71 49.67 45.73 50.46 47.42 curveto
51.26 49.11 54.08 53.79 54.46 54.71 curveto
54.84 55.63 58.91 68.04 60.54 69.88 curveto
62.18 71.73 64.58 75.47 65.32 75.87 curveto
66.05 76.27 71.44 83.25 73.02 83.62 curveto
73.48 83.73 73.98 83.69 74.46 83.59 curveto stroke
newpath 71.8 89.88 moveto
70.51 89 65.2 87.39 64.15 86.47 curveto
63.11 85.55 60.86 82.31 60.08 80.57 curveto
59.29 78.83 54.52 74.53 53.46 72.64 curveto
52.42 70.76 51.1 68.31 50.2 66.42 curveto
49.3 64.53 48 60.69 47.39 59.39 curveto
46.77 58.09 42.59 56.06 41.55 54.72 curveto
40.51 53.38 39.52 49.3 39.18 48.22 curveto
38.84 47.13 37.68 45.24 37.04 44.31 curveto
36.41 43.38 36.9 43.14 36.19 42.23 curveto
35.49 41.31 34.05 40.29 33.95 40.06 curveto
33.86 39.83 33.97 38.85 33 38.04 curveto
32.02 37.23 28.44 34.72 26.92 32.48 curveto
25.4 30.24 20.63 25.1 19.4 23.37 curveto
18.17 21.64 17.08 19.07 15.97 18.41 curveto
14.85 17.74 12.73 17.48 12.11 16.47 curveto
11.49 15.46 8.21 9.8 6.27 9.64 curveto
4.33 9.48 0.81 11.98 0.21 11.91 curveto
-0.39 11.84 -3.34 11.72 -4.2 12.38 curveto
-5.06 13.03 -7.37 14.28 -8.74 15.79 curveto
-10.11 17.31 -12.61 19.26 -12.85 19.76 curveto
-13.09 20.26 -14.13 21.32 -14.13 21.32 curveto stroke
newpath -17.14 17.5 moveto
-16.27 16.62 -8.17 10.54 -8 8.89 curveto
-7.83 7.25 -7.08 6.76 -7.67 5.31 curveto
-8.25 3.85 -7.67 3.27 -7.9 2.38 curveto
-8.12 1.49 -11.58 -1.79 -11.87 -2.95 curveto
-12.17 -4.12 -11.88 -6.35 -11.61 -7.59 curveto
-11.34 -8.82 -12.03 -12.71 -12.93 -13.65 curveto
-13.83 -14.59 -17.5 -17.92 -18.35 -18.95 curveto
-19.19 -19.97 -20.57 -21.08 -21.02 -21.7 curveto
-21.47 -22.31 -29.32 -28.99 -30.09 -30.03 curveto
-30.87 -31.07 -33.14 -34.28 -33.64 -35.1 curveto
-34.14 -35.93 -35.96 -38.75 -37.09 -38.61 curveto
-38.22 -38.46 -41.74 -34.8 -42.03 -34.21 curveto
-42.32 -33.63 -44.18 -31.19 -44.18 -31.19 curveto
-46.17 -29.22 lineto stroke
newpath -47.58 -30.76 moveto
-47.13 -31.02 -44.62 -33.48 -44.21 -34.46 curveto
-43.8 -35.44 -42.92 -35.44 -43.13 -36.27 curveto
-43.34 -37.09 -42.79 -39.56 -43.55 -39.95 curveto
-44.31 -40.34 -45.26 -42.65 -46.79 -42.92 curveto
-48.32 -43.19 -50.15 -44.32 -50.8 -44.6 curveto
-51.45 -44.87 -52.85 -44.07 -53.75 -45.01 curveto
-54.64 -45.95 -56.02 -47.42 -57.48 -48.29 curveto
-58.93 -49.16 -59.09 -49.2 -59.32 -50.38 curveto
-59.54 -51.56 -59.86 -53.59 -58.91 -54.71 curveto
-57.96 -55.83 -57.3 -57.24 -57.6 -58.69 curveto
-57.9 -60.15 -57.07 -60.65 -58.79 -61.6 curveto
-60.51 -62.55 -61.16 -63.33 -61.58 -64.1 curveto
-62.01 -64.86 -60.58 -64.79 -62.89 -66.24 curveto
-65.21 -67.69 -72.4 -71.88 -73.91 -72.35 curveto
-75.44 -72.81 -76.02 -72.95 -76.73 -74.35 curveto stroke
newpath -80.59 -83.82 moveto
-80.59 -83.82 -80.83 -83.76 -79.64 -84.32 curveto
-78.38 -84.91 -77.35 -84.1 -78.11 -85.52 curveto
-78.85 -86.9 -79.26 -87.16 -79.26 -87.16 curveto stroke
newpath -71.01 -85.72 moveto
-71.01 -85.72 -70.31 -84.95 -70.38 -84.06 curveto
-70.44 -83.16 -71.52 -80.98 -68.45 -79.06 curveto
-65.37 -77.13 -58.65 -72.29 -56.85 -71.36 curveto
-55.05 -70.43 -54.78 -69.41 -53.4 -68.88 curveto
-52.02 -68.36 -48.39 -65.27 -46.65 -64.98 curveto
-44.91 -64.69 -42.89 -63.6 -42.37 -63.29 curveto
-41.86 -62.99 -41.55 -62.34 -41.55 -62.34 curveto
-41.55 -62.34 -39.37 -61.5 -39.21 -60.01 curveto
-39.05 -58.52 -40.37 -58.55 -40.9 -58.93 curveto
-41.43 -59.3 -45.31 -58.83 -48.23 -58.01 curveto
-51.16 -57.19 -52.85 -55.81 -52.85 -53.84 curveto
-52.86 -51.87 -53.24 -49.08 -51.62 -48.69 curveto
-49.99 -48.3 -45.7 -47.79 -43.55 -46.8 curveto
-41.41 -45.82 -38.89 -42.81 -37.13 -43.92 curveto
-35.37 -45.02 -35.55 -49.42 -35.55 -49.42 curveto stroke
newpath -5.17 -5.02 moveto
-5.64 -5.03 -6.24 -4.76 -6.39 -4.31 curveto
-6.54 -3.89 -6.16 -3.43 -5.89 -3.07 curveto
-5.62 -2.72 -5.17 -2.54 -4.82 -2.26 curveto
-4.45 -1.96 -4.1 -1.63 -3.73 -1.32 curveto
-3.38 -1.03 -3.03 -0.73 -2.65 -0.47 curveto
-2.25 -0.19 -1.79 0.58 -1.4 0.29 curveto
-0.96 -0.03 -1.59 -0.79 -1.81 -1.3 curveto
-2.02 -1.79 -2.35 -2.22 -2.65 -2.66 curveto
-2.94 -3.09 -3.67 -3.99 -3.67 -3.99 curveto
-3.67 -3.99 -4.61 -5 -5.17 -5.02 curveto closepath stroke
showpage
%%EOF
