%!PS
%%BoundingBox: -7 -29 7 29 
%%HiResBoundingBox: -6.69 -28.9875 6.28 28.97751 
%%Creator: MetaPost 2.01
%%CreationDate: 2023.02.28:1206
%%Pages: 1
%%BeginProlog
%%EndProlog
%%Page: 1 1
 0 0 0 1 setcmykcolor 0 0.7 dtransform truncate idtransform setlinewidth pop
 [] 0 setdash 1 setlinecap 1 setlinejoin 10 setmiterlimit
newpath 5.93 -12.79 moveto
4.86 -6.7 4.75 -0.17 4.35 6.12 curveto
4.1 10 4.17 13.35 4.55 16.8 curveto
4.89 19.84 5.08 22.97 5.22 25.95 curveto stroke
newpath -6.34 21.26 moveto
-5.34 19.91 -3.68 18.04 -3.96 16.6 curveto
-4.55 15.05 -4.05 11.56 -3.95 9.99 curveto
-3.32 5.41 -5.5 -3.62 -5.51 -8.84 curveto stroke
-1 THsetalpha
 0 0 0 0 setcmykcolor
newpath 0.18997 28.00998 moveto
-0.00334 28.2033 -0.00334 28.51671 0.18997 28.71002 curveto
0.38329 28.90334 0.6967 28.90334 0.89001 28.71002 curveto
1.08333 28.51671 1.08333 28.2033 0.89001 28.00998 curveto
0.6967 27.81667 0.38329 27.81667 0.18997 28.00998 curveto closepath fill
 0.6 0.6 0.6 setrgbcolor 0 0.24501 dtransform truncate idtransform setlinewidth pop
newpath 0.18997 28.00998 moveto
-0.00334 28.2033 -0.00334 28.51671 0.18997 28.71002 curveto
0.38329 28.90334 0.6967 28.90334 0.89001 28.71002 curveto
1.08333 28.51671 1.08333 28.2033 0.89001 28.00998 curveto
0.6967 27.81667 0.38329 27.81667 0.18997 28.00998 curveto closepath stroke
-1 THsetalpha
 0 0 0 0 setcmykcolor
newpath -0.10002 9.54997 moveto
-0.29333 9.74329 -0.29333 10.0567 -0.10002 10.25002 curveto
0.09329 10.44333 0.40671 10.44333 0.60002 10.25002 curveto
0.79333 10.0567 0.79333 9.74329 0.60002 9.54997 curveto
0.40671 9.35666 0.09329 9.35666 -0.10002 9.54997 curveto closepath fill
 0.6 0.6 0.6 setrgbcolor
newpath -0.10002 9.54997 moveto
-0.29333 9.74329 -0.29333 10.0567 -0.10002 10.25002 curveto
0.09329 10.44333 0.40671 10.44333 0.60002 10.25002 curveto
0.79333 10.0567 0.79333 9.74329 0.60002 9.54997 curveto
0.40671 9.35666 0.09329 9.35666 -0.10002 9.54997 curveto closepath stroke
-1 THsetalpha
 0 0 0 0 setcmykcolor
newpath 2.74998 -13.37003 moveto
2.55667 -13.17671 2.55667 -12.8633 2.74998 -12.66998 curveto
2.9433 -12.47667 3.25671 -12.47667 3.45003 -12.66998 curveto
3.64334 -12.8633 3.64334 -13.17671 3.45003 -13.37003 curveto
3.25671 -13.56334 2.9433 -13.56334 2.74998 -13.37003 curveto closepath fill
 0.6 0.6 0.6 setrgbcolor
newpath 2.74998 -13.37003 moveto
2.55667 -13.17671 2.55667 -12.8633 2.74998 -12.66998 curveto
2.9433 -12.47667 3.25671 -12.47667 3.45003 -12.66998 curveto
3.64334 -12.8633 3.64334 -13.17671 3.45003 -13.37003 curveto
3.25671 -13.56334 2.9433 -13.56334 2.74998 -13.37003 curveto closepath stroke
-1 THsetalpha
 0 0 0 0 setcmykcolor
newpath 2.81998 -28.72002 moveto
2.62666 -28.5267 2.62666 -28.21329 2.81998 -28.01997 curveto
3.01329 -27.82666 3.3267 -27.82666 3.52002 -28.01997 curveto
3.71333 -28.21329 3.71333 -28.5267 3.52002 -28.72002 curveto
3.3267 -28.91333 3.01329 -28.91333 2.81998 -28.72002 curveto closepath fill
 0.6 0.6 0.6 setrgbcolor
newpath 2.81998 -28.72002 moveto
2.62666 -28.5267 2.62666 -28.21329 2.81998 -28.01997 curveto
3.01329 -27.82666 3.3267 -27.82666 3.52002 -28.01997 curveto
3.71333 -28.21329 3.71333 -28.5267 3.52002 -28.72002 curveto
3.3267 -28.91333 3.01329 -28.91333 2.81998 -28.72002 curveto closepath stroke
showpage
%%EOF
