%!PS
%%BoundingBox: -33 -108 32 118 
%%HiResBoundingBox: -32.67252 -107.06252 31.74251 117.72252 
%%Creator: MetaPost 2.01
%%CreationDate: 2023.02.28:1206
%%Pages: 1
%%BeginProlog
%%EndProlog
%%Page: 1 1
 0 0.24501 dtransform truncate idtransform setlinewidth pop [] 0 setdash
 1 setlinecap 1 setlinejoin 10 setmiterlimit
newpath -32.55 115.76 moveto
-32.55 115.76 -31.67 112.77 -29.64 110.66 curveto
-27.61 108.54 -25.59 106.72 -25.46 106.49 curveto
-25.32 106.26 -22.59 101.93 -23.16 101.2 curveto
-23.73 100.47 -24.68 98.87 -24.53 98.11 curveto
-24.39 97.34 -23.66 95.85 -23.85 95.07 curveto
-24.05 94.3 -25.66 86.03 -25.85 84.72 curveto
-26.04 83.41 -26.58 82.24 -26.11 80.28 curveto
-25.64 78.32 -24.76 74.55 -24.04 72.43 curveto
-23.32 70.3 -21.85 62.21 -21.36 61.85 curveto
-20.87 61.48 -18 55.42 -18.54 53.32 curveto
-19.07 51.23 -18.54 47.41 -18.59 47.04 curveto
-18.63 46.66 -16.62 40.09 -15.18 38.12 curveto
-13.75 36.16 -11.01 36.23 -10.58 34.91 curveto
-10.14 33.59 -9.47 31.28 -9.48 30.08 curveto
-9.5 28.87 -8.49 26.38 -8.05 24.48 curveto
-7.62 22.58 -7.3 21.19 -7.51 20.56 curveto
-7.72 19.94 -8.54 16.9 -8.67 16.4 curveto
-8.79 15.9 -9.83 14.85 -10.02 14.12 curveto
-10.2 13.39 -10.92 12.07 -10.57 10.96 curveto
-10.22 9.85 -9.9 6.13 -9.62 4.95 curveto
-9.34 3.76 -9.67 -0.04 -9.07 -0.77 curveto
-8.48 -1.5 -6.59 -6.25 -7.13 -7.62 curveto
-7.67 -8.98 -5.22 -15.32 -4.21 -16.89 curveto
-3.21 -18.45 -3.09 -20.08 -2.74 -21.19 curveto
-2.4 -22.29 -2.33 -23.57 -2.45 -24.99 curveto
-2.58 -26.42 -3.88 -28.12 -4.27 -28.89 curveto
-4.66 -29.66 -5.06 -29.52 -4.15 -31.25 curveto
-3.23 -32.99 -2.6 -33.73 -2.71 -34.38 curveto
-2.83 -35.03 -3.24 -36.09 -3.38 -36.44 curveto
-3.52 -36.8 -4.11 -40.87 -3.82 -40.89 curveto
-3.54 -40.92 -3.06 -41.52 -3.52 -42.57 curveto
-3.97 -43.62 -4.87 -44.31 -5.45 -45.28 curveto
-6.03 -46.25 -7.51 -48.11 -7.51 -48.11 curveto stroke
newpath -7.51 -48.11 moveto
-7.51 -48.11 -8 -49.14 -8.32 -50.26 curveto
-8.94 -52.44 -9.55 -55.52 -9.15 -56.05 curveto
-8.53 -56.86 -5.96 -58.44 -5.96 -58.44 curveto stroke
newpath -5.99 -58.43 moveto
-5.99 -58.43 -1.79 -60.66 -1.77 -61.15 curveto
-1.74 -61.64 -1.34 -62.71 -1.34 -62.71 curveto
-1.34 -62.71 0.48 -62.74 1.03 -62.87 curveto
1.57 -63.01 3.24 -62.08 3.5 -63.21 curveto
3.76 -64.34 4.39 -67.13 4.39 -67.13 curveto
4.39 -67.13 5.22 -66.71 5.41 -66.76 curveto
5.59 -66.81 6.84 -68.87 7.25 -69.56 curveto
7.66 -70.25 8.31 -71.73 8.31 -71.73 curveto
8.31 -71.73 11.33 -78.16 11.33 -78.74 curveto
11.33 -79.32 11.76 -79.33 10.43 -79.86 curveto
9.1 -80.4 2.71 -80.95 2.73 -81.59 curveto
2.76 -82.22 3.58 -83.97 3.58 -83.97 curveto
3.58 -83.97 2.87 -84.52 2.49 -84.52 curveto
2.12 -84.52 -2.06 -83.61 -2.06 -83.61 curveto stroke
newpath -4.52 -85.94 moveto
-4.52 -85.94 -0.42 -87.75 0.03 -87.86 curveto
0.47 -87.97 2.43 -88.61 2.69 -89.07 curveto
2.95 -89.52 3.25 -89.78 2.7 -90.86 curveto
2.16 -91.93 1.14 -93.07 1.14 -93.07 curveto
1.14 -93.07 -1.99 -96.2 -2.18 -96.49 curveto
-2.38 -96.78 -4.59 -100.09 -3.72 -100.07 curveto
-2.84 -100.04 -0.62 -99.15 -0.62 -99.15 curveto
3.03 -98.13 lineto
3.03 -98.13 4.09 -98.06 4.56 -98.89 curveto
5.02 -99.72 8.06 -102.96 7.85 -103.43 curveto stroke
newpath 25.96 -106.94 moveto
25.63 -106.61 23.48 -105.2 21.45 -103.77 curveto
19.93 -102.68 18.2 -101.85 18.27 -101.27 curveto
18.45 -99.93 19.82 -92.28 20.05 -92.1 curveto
20.29 -91.92 22.56 -89.19 22.56 -89.19 curveto
22.56 -89.19 25.02 -89.92 25.33 -90.25 curveto
25.64 -90.59 30.3 -95.34 30.3 -95.34 curveto stroke
newpath 31.62 -89.53 moveto
31.62 -89.53 28.66 -87.94 29.22 -86.41 curveto
29.79 -84.89 30.62 -84.67 29.95 -84.05 curveto
29.27 -83.43 20.76 -77.08 20.76 -77.08 curveto
20.76 -77.08 18.22 -75.36 18.18 -75.16 curveto
18.13 -74.95 14.18 -65.17 13.98 -64.78 curveto
13.79 -64.39 13.57 -64.28 11.46 -63.16 curveto
9.34 -62.03 7.23 -58.97 7.29 -58.74 curveto
7.35 -58.51 6.95 -58.56 7.77 -58.04 curveto
8.58 -57.52 9.67 -55.19 10.17 -55.31 curveto
10.68 -55.44 12.13 -55.86 12.13 -55.86 curveto
12.13 -55.86 12.77 -55.06 12.83 -54.83 curveto
12.89 -54.6 16.09 -47.23 16.22 -46.72 curveto
16.35 -46.22 15.12 -42.8 15.05 -42.5 curveto
14.98 -42.19 12.99 -38.97 13.01 -36.99 curveto
13.04 -35 11.97 -26.64 11.79 -26.01 curveto
11.61 -25.38 6.01 -21.86 5.09 -21.48 curveto
4.17 -21.1 3.95 -18.53 3.36 -17.79 curveto
2.77 -17.06 0.72 -12.95 0.58 -12.53 curveto
0.45 -12.11 0.41 -8.27 0.41 -8.27 curveto
0.41 -8.27 -2.84 2.59 -2.67 3.86 curveto
-2.49 5.12 -5.31 11.27 -5.44 11.5 curveto
-5.58 11.73 -2.19 13.24 -1.24 13.53 curveto
-0.29 13.83 -1.73 14.1 0 13.85 curveto
1.74 13.6 3.18 14.3 3.72 14.35 curveto
4.27 14.41 2.08 21.99 1.97 22.89 curveto
1.86 23.79 1.36 29.44 1.1 29.56 curveto
0.84 29.67 -0.6 28.98 -1.05 28.94 curveto
-1.49 28.91 -2.4 28.42 -2.2 29.77 curveto
-2 31.12 -1.98 33.64 -1.83 34.23 curveto
-1.68 34.82 -1.66 37.73 -1.6 37.96 curveto
-1.55 38.18 -0.92 40.45 -0.92 40.45 curveto stroke
newpath -3.34 42.76 moveto
-3.46 42.26 -4.71 39.47 -4.71 39.47 curveto
-5.47 39.33 lineto
-5.47 39.33 -7.81 40.41 -7.98 41.47 curveto
-8.15 42.53 -8.93 45.16 -8.93 45.16 curveto
-9.58 51.19 lineto
-9.58 51.19 -7.16 52.51 -6.23 52.71 curveto
-5.81 52.8 -4.94 53.09 -4.08 53.38 curveto stroke
newpath -4.08 53.38 moveto
-3.08 53.72 -2.1 54.07 -1.85 54.11 curveto
-1.39 54.19 0.22 54.6 0.22 54.6 curveto
2.56 55.6 lineto stroke
newpath 3.25 59.64 moveto
3.25 59.64 -1.55 57.96 -3.47 57.28 curveto
-5.38 56.61 -8.34 56.64 -8.52 56.68 curveto
-8.7 56.73 -11.61 56.55 -11.84 57.34 curveto
-12.08 58.12 -14.47 66.82 -14.42 67.01 curveto
-14.37 67.19 -14.44 72.4 -14.37 72.67 curveto
-14.3 72.94 -13.92 74.25 -14.19 74.71 curveto
-14.46 75.17 -17.09 80.26 -17.26 80.93 curveto
-17.43 81.61 -19.12 87.37 -18.94 88.05 curveto
-18.77 88.74 -18.87 89.88 -18.15 90.03 curveto
-17.43 90.19 -13.86 90.68 -14.34 92.26 curveto
-14.81 93.83 -19.2 99.07 -19.08 100.11 curveto
-18.96 101.15 -20.1 103.33 -19.03 103.69 curveto
-17.97 104.05 -11.5 107.55 -11.5 107.55 curveto
-6 108.38 lineto
2.68 109.51 lineto stroke
newpath 1.26 113.85 moveto
-3.66 112.63 lineto
-8.97 111.61 lineto
-14.34 109.73 lineto
-14.34 109.73 -18.41 108.43 -18.64 108.49 curveto
-18.87 108.55 -21.26 109.06 -21.26 109.06 curveto
-24.58 113.01 lineto
-24.58 113.01 -25.57 114.42 -25.87 114.79 curveto
-26.16 115.15 -27.97 117.6 -27.97 117.6 curveto stroke
newpath -3.59 -55.21 moveto
-3.59 -55.21 -5.59 -52.02 -3.85 -49.72 curveto stroke
newpath -3.85 -49.72 moveto
-3.8 -49.49 -0.27 -41.41 0.76 -41.33 curveto
1.8 -41.26 2.6 -41.9 2.77 -41.99 curveto
2.94 -42.08 4.55 -43.22 4.73 -43.46 curveto
4.91 -43.7 5.73 -46.63 5.76 -46.88 curveto
5.8 -47.13 6.67 -47.88 5.71 -49.04 curveto
4.74 -50.2 3.75 -51.6 3.35 -52.03 curveto
2.95 -52.46 1.57 -54.82 1.53 -55.15 curveto
1.5 -55.48 0.14 -56.25 -0.17 -56.17 curveto
-0.49 -56.09 -3.59 -55.21 -3.59 -55.21 curveto stroke
showpage
%%EOF
