%!PS
%%BoundingBox: -90 -122 16 143 
%%HiResBoundingBox: -89.60251 -121.2725 15.69252 142.72252 
%%Creator: MetaPost 2.01
%%CreationDate: 2023.02.28:1206
%%Pages: 1
%%BeginProlog
%%EndProlog
%%Page: 1 1
 0 0.24501 dtransform truncate idtransform setlinewidth pop [] 0 setdash
 1 setlinecap 1 setlinejoin 10 setmiterlimit
newpath 14.56 -104.93 moveto
13.48 -105.42 12.01 -103.84 9.85 -104.75 curveto
5.95 -106.4 0.87 -107.01 -0.9 -107.15 curveto
-3.65 -107.38 -4.76 -107.08 -7.73 -106.93 curveto
-10.7 -106.78 -16.07 -105.01 -17.47 -104.67 curveto
-18.87 -104.32 -25.02 -102.16 -26.42 -101.82 curveto
-27.08 -101.66 -31.13 -103.55 -33.48 -102.41 curveto
-36.05 -101.17 -40.24 -101.02 -40.79 -100.72 curveto
-41.82 -100.14 -48.52 -94.54 -48.52 -94.54 curveto
-48.52 -94.54 -50.45 -88.43 -51.27 -86.1 curveto
-52.1 -83.75 -55.57 -70.62 -56.29 -67.73 curveto
-57 -64.85 -56.48 -61.76 -56.81 -58.44 curveto
-57.14 -55.18 -55.34 -45.14 -55.71 -41.67 curveto
-56.08 -38.17 -57.09 -38.49 -55.39 -34.07 curveto
-53.7 -29.68 -49.28 -24.02 -48.24 -21.59 curveto
-47.21 -19.16 -48.01 -4.87 -48.14 -3.3 curveto
-48.28 -1.74 -46.35 -0.22 -46.35 -0.22 curveto
-45.02 2.38 lineto
-47.57 4.96 lineto
-53.76 12.13 lineto
-53.76 12.13 -59.28 26.02 -58.78 27.66 curveto
-58.28 29.31 -51.16 37.23 -49.64 38.25 curveto
-48.1 39.29 -38.49 44.04 -38.49 44.04 curveto
-32.51 46.1 lineto
-32.51 46.1 -30.77 45.36 -30.21 47.78 curveto
-29.67 50.08 -28.71 52.84 -28.71 52.84 curveto
-27.92 53.29 lineto
-27.92 53.29 -27.5 53.45 -27.41 54.97 curveto
-27.32 56.54 -25.19 54.89 -25.19 54.89 curveto stroke
newpath -28.66 70.17 moveto
-32.41 74.53 lineto
-32.41 74.53 -33.2 79.66 -33.52 81.29 curveto
-33.68 82.07 -39.45 83.26 -42.34 87.75 curveto
-45.47 92.62 -45.73 100.88 -46 101.6 curveto
-46.51 102.99 -47.66 108.72 -47.35 109.86 curveto
-47.05 110.99 -47.54 116.95 -45.09 119.27 curveto
-44.11 120.19 -42.81 122.13 -41.57 124.14 curveto
-39.67 127.22 -37.62 130.64 -37.62 130.64 curveto
-32.42 137.04 lineto stroke
newpath -41.73 142.6 moveto
-41.75 135.06 -54.38 125.4 -59.95 117.78 curveto
-61.42 115.78 -61.1 113.5 -60.79 111.9 curveto
-60.61 110.99 -63.96 108.41 -63.96 108.41 curveto stroke
newpath -61.3 102.12 moveto
-61.3 102.12 -59.48 102.57 -58.56 102.18 curveto
-57.67 101.8 -57.63 100.21 -57.42 99.64 curveto
-57.1 98.79 -55.53 95.06 -55.02 92.14 curveto
-54.16 87.09 -50.76 82.5 -50.4 81.29 curveto
-49.83 79.4 -50.96 77.86 -50.44 75.08 curveto
-49.93 72.3 -49.97 71.82 -51.17 67.72 curveto
-52.37 63.68 -52.33 66.09 -50.12 62.66 curveto
-47.92 59.22 -52.89 54.73 -53.5 54.03 curveto
-54.12 53.33 -56.21 50.94 -56.27 49.95 curveto
-56.34 48.97 -56.26 46.02 -56.26 46.02 curveto
-66.65 29.81 lineto
-66.65 29.81 -71.06 31.39 -69.36 24.86 curveto
-67.63 18.26 -60.62 3.64 -61.02 2.26 curveto
-64.75 -9.9 lineto
-65.42 -12.12 -69.03 -30.74 -69.23 -34.09 curveto
-69.43 -37.44 -71.39 -42.4 -71.75 -46.57 curveto
-72.12 -50.73 -74.51 -56.67 -74.51 -56.67 curveto
-79.33 -54.02 lineto
-81.32 -42.47 lineto stroke
newpath -89.48 -44.38 moveto
-88.43 -45.91 -83.93 -65.94 -82.76 -67.18 curveto
-81.6 -68.43 -76.5 -81.4 -76.53 -82.61 curveto
-76.57 -83.81 -74.09 -98.48 -74.09 -98.48 curveto stroke
newpath -69.88 -96.73 moveto
-70.23 -90.42 -71.39 -81.64 -70.35 -80.07 curveto
-69.3 -78.49 -66.06 -77.51 -64.74 -78.15 curveto
-63.44 -78.78 -63.35 -78.49 -61.84 -82.17 curveto
-60.32 -85.88 -58.41 -89.98 -58.73 -91.98 curveto
-59.06 -94.03 -60.14 -98.34 -60.14 -98.34 curveto
-60.14 -98.34 -63.98 -99.46 -62.19 -102.68 curveto
-60.38 -105.95 -55.77 -121.15 -55.77 -121.15 curveto stroke
newpath -46.26 -117.42 moveto
-46.26 -117.42 -49.18 -112.67 -47.73 -110.66 curveto
-46.26 -108.65 -43.64 -106.06 -42.37 -109.13 curveto
-41.11 -112.18 -35.9 -113.76 -33.64 -113.15 curveto
-31.36 -112.53 -28.93 -115.84 -23.64 -116.25 curveto
-18.37 -116.65 -4.56 -118.83 -2.99 -118.62 curveto
-1.43 -118.42 5.06 -119.48 8.59 -116.66 curveto
12.14 -113.83 15.57 -113.81 15.57 -113.81 curveto stroke
showpage
%%EOF
